imu_t vicon_t roll pitch yaw
2.089160 1329704478.124245 0 0 0
2.114007 1329704478.274817 0 0 0
2.155052 1329704478.282451 0 0 0
2.155052 1329704478.290750 0 0 0
2.186515 1329704478.298873 0 0 0
2.208893 1329704478.310025 0 0 0
2.208893 1329704478.315493 0 0 0
2.238647 1329704478.324040 0 0 0
2.263763 1329704478.332466 0 0 0
2.263763 1329704478.341390 0 0 0
2.297220 1329704478.349094 0 0 0
2.330429 1329704478.356835 0 0 0
2.330429 1329704478.365523 0 0 0
2.355349 1329704478.374693 0 0 0
2.387706 1329704478.382352 0 0 0
2.387706 1329704478.391247 0 0 0
2.413882 1329704478.398854 0 0 0
2.447046 1329704478.406861 0 0 0
2.447046 1329704478.418808 0 0 0
2.480043 1329704478.425746 0 0 0
2.504382 1329704478.432251 0 0 0
2.504382 1329704478.440495 0 0 0
2.543511 1329704478.449155 0 0 0
2.571817 1329704478.457458 0 0 0
2.571817 1329704478.472664 0 0 0
2.593582 1329704478.484842 0 0 0
2.630548 1329704478.491440 0 0 0
2.630548 1329704478.498740 0 0 0
2.654799 1329704478.507036 0 0 0
2.688324 1329704478.515418 0 0 0
2.688324 1329704478.524355 0 0 0
2.717826 1329704478.532102 0 0 0
2.746772 1329704478.540606 0 0 0
2.746772 1329704478.548838 0 0 0
2.788447 1329704478.556917 0 0 0
2.805213 1329704478.565357 0 0 0
2.805213 1329704478.573648 0 0 0
2.838193 1329704478.582015 0 0 0
2.871909 1329704478.590407 0 0 0
2.871909 1329704478.598394 0 0 0
2.896641 1329704478.606865 0 0 0
2.929914 1329704478.615344 0 0 0
2.929914 1329704478.623476 0 0 0
2.954984 1329704478.632000 0 0 0
2.988179 1329704478.640392 0 0 0
2.988179 1329704478.648467 0 0 0
3.013704 1329704478.656924 0 0 0
3.043511 1329704478.665228 0 0 0
3.043511 1329704478.673556 0 0 0
3.079559 1329704478.681792 0 0 0
3.104740 1329704478.690338 0 0 0
3.104740 1329704478.698321 0 0 0
3.146398 1329704478.707057 0 0 0
3.146398 1329704478.715190 0 0 0
3.188077 1329704478.723383 0 0 0
3.188077 1329704478.731759 0 0 0
3.229663 1329704478.740267 0 0 0
3.229663 1329704478.748419 0 0 0
3.265886 1329704478.756752 0 0 0
3.265886 1329704478.765248 0 0 0
3.304531 1329704478.773358 0 0 0
3.304531 1329704478.781700 0 0 0
3.346020 1329704478.790186 0 0 0
3.346020 1329704478.798309 0 0 0
3.388136 1329704478.806849 0 0 0
3.388136 1329704478.815234 0 0 0
3.426426 1329704478.823372 0 0 0
3.426426 1329704478.831717 0 0 0
3.472693 1329704478.840249 0 0 0
3.472693 1329704478.848439 0 0 0
3.505985 1329704478.856744 0 0 0
3.505985 1329704478.865483 0 0 0
3.546442 1329704478.875518 0 0 0
3.546442 1329704478.882563 0 1 0
3.587630 1329704478.890110 1 2 0
3.587630 1329704478.898338 1 3 0
3.630744 1329704478.906487 2 4 0
3.630744 1329704478.914985 2 5 1
3.670908 1329704478.923348 2 5 1
3.670908 1329704478.937255 2 6 1
3.712205 1329704478.942663 1 6 1
3.712205 1329704478.957170 1 7 1
3.750796 1329704478.969184 1 7 1
3.750796 1329704478.974899 1 6 1
3.787551 1329704478.987596 1 6 2
3.787551 1329704478.990168 1 5 2
3.813183 1329704479.002550 0 5 2
3.847580 1329704479.007157 0 4 2
3.847580 1329704479.015041 1 3 3
3.892380 1329704479.023121 1 3 3
3.892380 1329704479.031779 2 3 3
3.920797 1329704479.040129 2 3 3
3.946038 1329704479.048437 3 3 3
3.946038 1329704479.056617 4 4 3
3.989423 1329704479.065153 4 4 3
3.989423 1329704479.072947 4 4 3
4.020663 1329704479.081799 4 4 3
4.046434 1329704479.090180 3 3 3
4.046434 1329704479.098261 3 3 3
4.087824 1329704479.106646 3 3 3
4.087824 1329704479.114680 4 3 3
4.129145 1329704479.123107 4 3 3
4.129145 1329704479.131611 4 3 3
4.171061 1329704479.140063 4 2 3
4.171061 1329704479.148279 4 2 3
4.204426 1329704479.156633 4 2 3
4.204426 1329704479.164834 4 2 3
4.246033 1329704479.172893 3 2 3
4.246033 1329704479.181649 3 2 4
4.304354 1329704479.190150 3 3 4
4.304354 1329704479.202427 4 3 3
4.329039 1329704479.208542 4 3 3
4.329039 1329704479.221065 4 3 3
4.370520 1329704479.223270 3 3 3
4.370520 1329704479.231378 3 3 3
4.412102 1329704479.240161 3 3 3
4.412102 1329704479.255274 2 3 3
4.445737 1329704479.278081 2 2 3
4.445737 1329704479.281223 2 2 3
4.487411 1329704479.290520 2 1 3
4.487411 1329704479.298435 1 0 3
4.528955 1329704479.307636 1 0 3
4.528955 1329704479.316395 1 0 3
4.570276 1329704479.329236 0 0 3
4.570276 1329704479.342958 0 0 3
4.612338 1329704479.357821 0 0 3
4.612338 1329704479.364637 0 0 3
4.645806 1329704479.373068 -1 1 2
4.645806 1329704479.380961 -1 2 2
4.689296 1329704479.392077 -2 2 2
4.689296 1329704479.397710 -2 2 2
4.729298 1329704479.405884 -1 2 2
4.729298 1329704479.414747 -1 2 2
4.765431 1329704479.422612 0 1 2
4.765431 1329704479.430507 0 1 1
4.804555 1329704479.439977 1 1 1
4.804555 1329704479.447518 3 1 1
4.844995 1329704479.455857 4 1 1
4.844995 1329704479.464187 5 1 1
4.886775 1329704479.472472 5 1 0
4.886775 1329704479.480400 4 1 0
4.928241 1329704479.499377 3 0 0
4.928241 1329704479.513062 2 0 0
4.970172 1329704479.515113 2 0 0
4.970172 1329704479.522328 1 0 0
5.011973 1329704479.530806 1 -1 0
5.011973 1329704479.538607 2 -1 0
5.045017 1329704479.547257 3 -1 0
5.045017 1329704479.555512 3 -1 0
5.087766 1329704479.563615 4 -1 0
5.087766 1329704479.572005 4 -1 0
5.128280 1329704479.597018 4 -1 0
5.128280 1329704479.599046 4 -1 0
5.170412 1329704479.605310 4 -1 0
5.170412 1329704479.615179 3 -1 0
5.211557 1329704479.635580 3 -1 0
5.211557 1329704479.638822 3 -1 0
5.244466 1329704479.647203 3 0 -1
5.244466 1329704479.655362 3 0 -1
5.286441 1329704479.663836 3 0 -1
5.286441 1329704479.671960 3 0 -1
5.327868 1329704479.684457 3 0 -1
5.327868 1329704479.688559 3 0 -1
5.369882 1329704479.697121 3 0 -1
5.369882 1329704479.705922 3 0 -1
5.411035 1329704479.714002 4 0 -1
5.411035 1329704479.722153 4 0 -1
5.444889 1329704479.730327 5 0 -1
5.444889 1329704479.738776 7 1 -1
5.486347 1329704479.747112 8 1 -1
5.486347 1329704479.755260 9 1 -1
5.527857 1329704479.763884 9 1 -1
5.527857 1329704479.771805 9 0 -1
5.569387 1329704479.784756 8 0 -1
5.569387 1329704479.788766 7 0 -1
5.594066 1329704479.796985 6 0 -1
5.627912 1329704479.805100 5 0 -1
5.627912 1329704479.814183 5 0 -1
5.669290 1329704479.821687 5 0 0
5.669290 1329704479.834666 5 0 0
5.716772 1329704479.838660 5 0 0
5.716772 1329704479.846976 6 -1 1
5.744256 1329704479.855277 7 -2 2
5.744256 1329704479.863611 8 -2 3
5.785696 1329704479.871677 9 -3 5
5.785696 1329704479.880749 10 -4 8
5.826883 1329704479.888740 11 -5 10
5.826883 1329704479.897005 11 -5 13
5.869536 1329704479.904861 12 -6 16
5.869536 1329704479.914017 11 -6 20
5.911976 1329704479.921762 11 -7 23
5.911976 1329704479.935279 10 -8 27
5.951792 1329704479.938507 9 -9 31
5.951792 1329704479.947059 8 -10 35
5.984954 1329704479.954868 6 -12 39
5.984954 1329704479.963399 4 -14 43
6.026892 1329704479.971898 2 -17 47
6.026892 1329704479.979866 0 -20 51
6.068225 1329704479.988615 -2 -23 55
6.068225 1329704479.996758 -4 -26 59
6.109715 1329704480.004709 -7 -28 63
6.109715 1329704480.013749 -10 -31 67
6.151105 1329704480.021755 -13 -34 72
6.151105 1329704480.034701 -16 -36 76
6.184189 1329704480.038439 -19 -37 80
6.184189 1329704480.046869 -22 -38 83
6.235066 1329704480.055714 -24 -38 87
6.235066 1329704480.063388 -26 -38 89
6.267485 1329704480.072594 -27 -37 91
6.267485 1329704480.084522 -27 -37 93
6.308969 1329704480.088348 -27 -35 93
6.308969 1329704480.096821 -26 -34 94
6.350619 1329704480.104845 -25 -32 93
6.350619 1329704480.113393 -23 -31 92
6.387639 1329704480.121697 -21 -29 91
6.387639 1329704480.130779 -19 -27 89
6.425927 1329704480.142269 -16 -26 86
6.425927 1329704480.146650 -14 -24 83
6.474616 1329704480.154897 -11 -23 80
6.474616 1329704480.162957 -8 -21 76
6.509741 1329704480.171695 -5 -20 72
6.509741 1329704480.184727 -2 -18 67
6.551404 1329704480.189651 0 -16 62
6.551404 1329704480.196830 3 -13 56
6.585177 1329704480.204734 5 -10 51
6.585177 1329704480.213221 7 -7 45
6.626350 1329704480.221630 9 -4 38
6.626350 1329704480.233002 11 -1 31
6.659441 1329704480.240055 12 1 25
6.684299 1329704480.246616 13 4 18
6.684299 1329704480.255224 14 7 11
6.718153 1329704480.263096 14 9 4
6.753939 1329704480.271691 13 10 -2
6.753939 1329704480.279782 11 11 -9
6.795318 1329704480.288186 9 11 -17
6.795318 1329704480.296883 7 10 -24
6.826998 1329704480.305000 5 10 -32
6.826998 1329704480.312969 2 9 -39
6.869094 1329704480.321617 0 7 -45
6.869094 1329704480.329711 -1 4 -51
6.907161 1329704480.337906 -3 2 -56
6.907161 1329704480.346659 -4 0 -61
6.945894 1329704480.354841 -5 -3 -66
6.945894 1329704480.362946 -5 -6 -70
6.985584 1329704480.371470 -5 -9 -73
6.985584 1329704480.379665 -5 -12 -77
7.026835 1329704480.395549 -5 -14 -80
7.026835 1329704480.406773 -5 -17 -83
7.068567 1329704480.420635 -4 -19 -85
7.068567 1329704480.422553 -4 -21 -87
7.110044 1329704480.429870 -3 -22 -88
7.110044 1329704480.437573 -3 -23 -89
7.145477 1329704480.452146 -2 -24 -90
7.145477 1329704480.474611 -2 -25 -90
7.192936 1329704480.485327 -2 -25 -89
7.192936 1329704480.490074 -2 -25 -88
7.234553 1329704480.497297 -2 -25 -86
7.234553 1329704480.504400 -2 -24 -84
7.267666 1329704480.513163 -2 -23 -82
7.267666 1329704480.521425 -2 -21 -79
7.307733 1329704480.529355 -2 -19 -77
7.307733 1329704480.537939 -2 -16 -74
7.351695 1329704480.546381 -2 -13 -71
7.351695 1329704480.554404 -2 -10 -67
7.384871 1329704480.562924 -1 -7 -64
7.384871 1329704480.571309 0 -4 -60
7.426564 1329704480.582441 0 -2 -56
7.426564 1329704480.588122 1 0 -52
7.468021 1329704480.596105 2 1 -48
7.468021 1329704480.604127 4 2 -44
7.509564 1329704480.614817 6 4 -40
7.509564 1329704480.621127 7 5 -37
7.550784 1329704480.639795 9 5 -33
7.550784 1329704480.653506 11 5 -29
7.586671 1329704480.655452 12 5 -26
7.586671 1329704480.662399 13 5 -23
7.625617 1329704480.671029 14 5 -21
7.625617 1329704480.679569 15 4 -18
7.667568 1329704480.687674 15 3 -16
7.667568 1329704480.706686 15 3 -15
7.709163 1329704480.712726 15 2 -13
7.709163 1329704480.720457 15 1 -11
7.750795 1329704480.729535 15 0 -10
7.750795 1329704480.737652 15 0 -9
7.792480 1329704480.745693 15 0 -7
7.792480 1329704480.755664 16 0 -6
7.825242 1329704480.766962 16 -1 -5
7.825242 1329704480.770207 16 -1 -4
7.867437 1329704480.779339 17 -1 -3
7.867437 1329704480.787881 17 -1 -2
7.904753 1329704480.795738 17 -1 -1
7.904753 1329704480.809268 17 -1 0
7.952353 1329704480.812540 17 -1 0
7.952353 1329704480.820423 17 -1 0
7.991652 1329704480.829237 16 -1 1
7.991652 1329704480.837534 16 -1 2
8.025808 1329704480.845876 16 0 2
8.025808 1329704480.859285 15 0 3
8.066781 1329704480.862695 15 0 3
8.066781 1329704480.871535 15 0 3
8.110078 1329704480.881145 15 0 3
8.110078 1329704480.888555 15 0 4
8.150096 1329704480.896367 15 0 4
8.150096 1329704480.904107 15 0 4
8.192003 1329704480.912764 16 0 4
8.192003 1329704480.920513 16 0 4
8.225132 1329704480.929236 16 0 3
8.225132 1329704480.937392 16 0 3
8.266994 1329704480.945518 16 -1 3
8.266994 1329704480.954049 16 -1 3
8.308434 1329704480.962611 16 -1 4
8.308434 1329704480.970456 16 -1 4
8.350139 1329704480.983413 16 -1 4
8.350139 1329704480.987591 16 -1 4
8.386401 1329704480.999133 15 -1 4
8.386401 1329704481.003931 15 -1 4
8.426991 1329704481.012406 15 -1 4
8.426991 1329704481.020242 15 -1 4
8.475929 1329704481.029044 15 -1 4
8.475929 1329704481.037568 15 -1 4
8.508434 1329704481.054114 15 -1 4
8.508434 1329704481.062670 15 -1 4
8.549605 1329704481.070852 15 -1 4
8.549605 1329704481.078568 15 -1 4
8.593687 1329704481.087383 14 -1 4
8.593687 1329704481.095906 14 -1 4
8.627388 1329704481.103896 14 -1 4
8.627388 1329704481.112644 14 -1 4
8.666175 1329704481.120827 13 -1 3
8.666175 1329704481.128497 13 -1 3
8.708948 1329704481.137519 13 -1 3
8.708948 1329704481.145802 13 -1 3
8.749885 1329704481.153996 12 -1 3
8.749885 1329704481.162331 12 -1 3
8.791057 1329704481.170811 11 -1 2
8.791057 1329704481.178384 11 -1 2
8.824881 1329704481.187446 10 -1 2
8.824881 1329704481.195604 10 -1 2
8.858020 1329704481.203754 9 -1 2
8.895882 1329704481.212270 8 -1 1
8.895882 1329704481.220750 8 0 1
8.924997 1329704481.228782 7 0 1
8.924997 1329704481.237277 6 0 0
8.966582 1329704481.245738 5 0 0
8.966582 1329704481.253873 5 0 0
9.008102 1329704481.262441 4 0 0
9.008102 1329704481.270407 3 0 0
9.049880 1329704481.279318 3 0 0
9.049880 1329704481.287135 3 -1 0
9.094116 1329704481.296447 3 -1 0
9.094116 1329704481.309195 4 -1 0
9.125172 1329704481.312054 4 -1 0
9.125172 1329704481.320506 5 -2 0
9.167949 1329704481.328694 5 -2 0
9.167949 1329704481.337088 6 -2 0
9.208601 1329704481.345183 7 -2 0
9.208601 1329704481.354729 7 -2 0
9.249928 1329704481.362021 8 -3 0
9.249928 1329704481.370498 8 -3 0
9.303897 1329704481.378645 9 -3 0
9.303897 1329704481.386907 9 -3 0
9.325046 1329704481.395521 9 -3 0
9.325046 1329704481.403716 8 -2 1
9.366324 1329704481.412048 8 -2 1
9.366324 1329704481.420353 8 -2 2
9.408649 1329704481.428627 8 -1 2
9.408649 1329704481.436780 8 -1 2
9.458538 1329704481.445378 8 -1 2
9.458538 1329704481.453715 8 0 3
9.485050 1329704481.462919 8 0 3
9.485050 1329704481.470318 8 0 3
9.532101 1329704481.478592 8 0 3
9.532101 1329704481.486862 9 0 4
9.566405 1329704481.495358 9 0 4
9.566405 1329704481.503790 9 0 4
9.608110 1329704481.520785 8 0 5
9.608110 1329704481.531597 8 0 5
9.649831 1329704481.536758 8 0 5
9.649831 1329704481.545041 8 -1 5
9.688923 1329704481.553741 8 -1 6
9.688923 1329704481.561818 8 -1 6
9.724312 1329704481.570233 8 -1 6
9.724312 1329704481.578521 8 -1 7
9.765797 1329704481.586862 8 -1 8
9.765797 1329704481.594962 7 -1 9
9.807471 1329704481.603785 7 -1 11
9.807471 1329704481.611789 7 -1 12
9.851831 1329704481.620057 8 -1 15
9.851831 1329704481.639738 8 -2 17
9.890596 1329704481.644876 8 -2 20
9.890596 1329704481.653751 8 -3 23
9.932006 1329704481.661926 8 -4 26
9.932006 1329704481.669969 7 -5 29
9.965060 1329704481.678395 7 -6 33
9.965060 1329704481.692077 7 -7 36
10.006584 1329704481.694716 6 -8 40
10.006584 1329704481.703590 5 -10 43
10.048176 1329704481.712041 3 -11 47
10.048176 1329704481.719996 2 -12 51
10.091030 1329704481.728275 0 -14 55
10.091030 1329704481.738426 -1 -15 59
10.131469 1329704481.750167 -3 -16 63
10.131469 1329704481.755326 -5 -18 67
10.164436 1329704481.761702 -7 -19 70
10.164436 1329704481.771692 -8 -20 74
10.206604 1329704481.778231 -10 -21 77
10.206604 1329704481.786689 -12 -22 81
10.248094 1329704481.798437 -13 -23 84
10.248094 1329704481.803476 -14 -24 88
10.294877 1329704481.812089 -16 -24 90
10.294877 1329704481.820097 -17 -24 93
10.323759 1329704481.828208 -18 -24 96
10.323759 1329704481.836660 -19 -24 98
10.364255 1329704481.844933 -20 -25 99
10.364255 1329704481.853320 -21 -25 101
10.406026 1329704481.861767 -21 -24 102
10.406026 1329704481.870340 -21 -24 103
10.456355 1329704481.879833 -21 -24 102
10.456355 1329704481.886568 -21 -24 102
10.489192 1329704481.896445 -20 -23 101
10.489192 1329704481.908467 -19 -23 99
10.530920 1329704481.911575 -17 -22 97
10.530920 1329704481.919851 -15 -21 94
10.574986 1329704481.928090 -13 -20 91
10.574986 1329704481.936588 -11 -19 87
10.606162 1329704481.950309 -9 -17 83
10.606162 1329704481.953195 -6 -15 78
10.647567 1329704481.961753 -4 -13 73
10.647567 1329704481.970243 -2 -11 68
10.689429 1329704481.977923 -1 -9 61
10.689429 1329704481.986438 -2 -6 54
10.731918 1329704481.999713 -2 -3 47
10.731918 1329704482.005000 -2 -1 40
10.756412 1329704482.016427 -2 1 32
10.793021 1329704482.019513 -1 3 25
10.793021 1329704482.027803 -1 4 18
10.815346 1329704482.036407 -1 6 11
10.849447 1329704482.044548 0 7 4
10.849447 1329704482.053370 0 8 -3
10.888598 1329704482.061802 0 8 -10
10.906526 1329704482.069831 0 8 -17
10.906526 1329704482.078883 0 8 -24
10.940334 1329704482.086147 0 8 -31
10.965325 1329704482.095859 -1 8 -39
10.965325 1329704482.103188 -2 7 -46
11.007451 1329704482.113256 -4 7 -53
11.007451 1329704482.119827 -4 6 -60
11.048097 1329704482.129920 -5 5 -66
11.048097 1329704482.136653 -6 4 -71
11.090066 1329704482.146850 -6 3 -75
11.090066 1329704482.158055 -7 1 -79
11.131668 1329704482.161323 -8 0 -82
11.131668 1329704482.169948 -9 -1 -85
11.165114 1329704482.177977 -9 -2 -86
11.165114 1329704482.186544 -10 -4 -88
11.206542 1329704482.201381 -11 -5 -89
11.206542 1329704482.203583 -11 -6 -90
11.248508 1329704482.211741 -12 -7 -91
11.248508 1329704482.220042 -12 -7 -91
11.290130 1329704482.228095 -11 -8 -92
11.290130 1329704482.236636 -11 -8 -92
11.328383 1329704482.250326 -10 -8 -92
11.328383 1329704482.255236 -10 -8 -91
11.364926 1329704482.261336 -9 -8 -91
11.364926 1329704482.270076 -8 -8 -90
11.407394 1329704482.278098 -8 -7 -89
11.407394 1329704482.286372 -7 -6 -88
11.447761 1329704482.295106 -7 -5 -86
11.447761 1329704482.312052 -7 -4 -85
11.505162 1329704482.320259 -6 -3 -83
11.505162 1329704482.328153 -6 -2 -80
11.531366 1329704482.336367 -6 -1 -78
11.531366 1329704482.344575 -5 0 -75
11.564911 1329704482.353461 -4 0 -72
11.564911 1329704482.370536 -3 1 -68
11.605775 1329704482.378394 -2 1 -65
11.605775 1329704482.386743 -1 2 -61
11.647670 1329704482.394842 0 3 -58
11.647670 1329704482.403006 0 4 -54
11.689835 1329704482.411602 1 4 -50
11.689835 1329704482.420167 2 5 -46
11.756543 1329704482.428585 2 5 -42
11.756543 1329704482.436737 3 5 -39
11.770989 1329704482.444782 4 5 -35
11.770989 1329704482.453051 5 5 -31
11.808798 1329704482.461709 5 5 -27
11.808798 1329704482.470126 6 5 -23
11.847502 1329704482.482384 7 5 -20
11.847502 1329704482.486445 8 5 -16
11.888890 1329704482.494979 8 4 -13
11.888890 1329704482.503411 9 4 -10
11.914536 1329704482.511816 9 3 -8
11.947384 1329704482.521583 9 3 -5
11.947384 1329704482.534923 9 2 -3
11.989517 1329704482.546941 9 2 -1
11.989517 1329704482.569923 9 1 0
12.030763 1329704482.583523 9 1 2
12.030763 1329704482.586458 9 0 4
12.064097 1329704482.594722 9 0 5
12.064097 1329704482.603161 8 0 7
12.105707 1329704482.611397 8 -1 8
12.105707 1329704482.619450 8 -2 9
12.148126 1329704482.628091 8 -2 10
12.148126 1329704482.636235 8 -3 11
12.189281 1329704482.644652 8 -3 12
12.189281 1329704482.653164 8 -4 13
12.230648 1329704482.661347 8 -4 14
12.230648 1329704482.669475 8 -4 15
12.263901 1329704482.677809 8 -4 16
12.263901 1329704482.686319 8 -4 17
12.305831 1329704482.694647 8 -4 18
12.305831 1329704482.703055 9 -4 19
12.347526 1329704482.711428 9 -5 20
12.347526 1329704482.719510 10 -5 21
12.389002 1329704482.727726 10 -5 22
12.389002 1329704482.738229 11 -5 23
12.430108 1329704482.744576 11 -5 23
12.430108 1329704482.753132 11 -5 24
12.471676 1329704482.761450 11 -5 24
12.471676 1329704482.769570 10 -5 24
12.504933 1329704482.777837 10 -5 24
12.504933 1329704482.786196 10 -5 24
12.546733 1329704482.794623 10 -5 24
12.546733 1329704482.805441 10 -5 24
12.588175 1329704482.811321 11 -5 24
12.588175 1329704482.819530 11 -5 24
12.630005 1329704482.828043 12 -4 24
12.630005 1329704482.835998 12 -4 24
12.671269 1329704482.844561 12 -4 24
12.671269 1329704482.853594 12 -4 24
12.704705 1329704482.861356 12 -4 24
12.704705 1329704482.869476 12 -3 24
12.754905 1329704482.878024 11 -3 24
12.754905 1329704482.886181 11 -3 25
12.789460 1329704482.894582 11 -3 25
12.789460 1329704482.902521 10 -3 25
12.831077 1329704482.911433 10 -3 25
12.831077 1329704482.919504 10 -3 25
12.864193 1329704482.927303 10 -2 25
12.864193 1329704482.936312 11 -2 25
12.904715 1329704482.945034 11 -2 25
12.904715 1329704482.955005 10 -2 25
12.954701 1329704482.961173 10 -2 24
12.954701 1329704482.969415 10 -2 24
12.988236 1329704482.977574 10 -2 24
12.988236 1329704482.986388 10 -2 24
13.029833 1329704482.994427 10 -2 24
13.029833 1329704483.004464 9 -2 24
13.071275 1329704483.018982 9 -2 24
13.071275 1329704483.031104 9 -2 24
13.114189 1329704483.037404 9 -2 24
13.114189 1329704483.044177 9 -2 24
13.146588 1329704483.052687 9 -2 24
13.146588 1329704483.060859 9 -2 24
13.188356 1329704483.070252 9 -2 24
13.188356 1329704483.082458 9 -2 24
13.229684 1329704483.085670 9 -2 24
13.229684 1329704483.094137 9 -2 24
13.271461 1329704483.102781 9 -2 24
13.271461 1329704483.110674 9 -2 24
13.305759 1329704483.119575 9 -2 24
13.305759 1329704483.127558 9 -2 24
13.349382 1329704483.135799 8 -2 24
13.349382 1329704483.144054 8 -2 24
13.387799 1329704483.152470 8 -2 24
13.387799 1329704483.160999 8 -2 24
13.429283 1329704483.179373 8 -2 25
13.429283 1329704483.186050 8 -2 25
13.483604 1329704483.193998 9 -2 25
13.483604 1329704483.202421 9 -2 25
13.504436 1329704483.210815 9 -2 25
13.504436 1329704483.219192 9 -2 26
13.545694 1329704483.228947 10 -2 27
13.545694 1329704483.235879 10 -2 27
13.588712 1329704483.243959 11 -2 28
13.588712 1329704483.252826 12 -3 30
13.639660 1329704483.260848 12 -3 31
13.639660 1329704483.269413 13 -4 33
13.675052 1329704483.277634 14 -5 35
13.675052 1329704483.286085 15 -6 37
13.711875 1329704483.294026 15 -7 39
13.711875 1329704483.302868 15 -8 41
13.744897 1329704483.310841 16 -9 44
13.744897 1329704483.319870 15 -10 47
13.786372 1329704483.332500 15 -11 51
13.786372 1329704483.337110 15 -13 54
13.827678 1329704483.343959 14 -14 58
13.827678 1329704483.353412 14 -16 61
13.869239 1329704483.360813 13 -18 65
13.869239 1329704483.368929 13 -20 69
13.911057 1329704483.387595 13 -22 73
13.911057 1329704483.394046 13 -24 76
13.945213 1329704483.401978 12 -27 79
13.945213 1329704483.410515 11 -29 82
13.991161 1329704483.419743 10 -30 85
13.991161 1329704483.427276 8 -32 87
14.031175 1329704483.436053 7 -33 89
14.031175 1329704483.444065 6 -34 91
14.068900 1329704483.452488 5 -35 92
14.068900 1329704483.460350 5 -35 92
14.110320 1329704483.468872 5 -35 92
14.110320 1329704483.477244 6 -34 92
14.155108 1329704483.495875 8 -33 90
14.155108 1329704483.502374 9 -32 89
14.186284 1329704483.510150 9 -31 86
14.186284 1329704483.518838 11 -30 84
14.227338 1329704483.527196 12 -28 80
14.227338 1329704483.535371 13 -26 77
14.268875 1329704483.547077 14 -23 72
14.268875 1329704483.552108 15 -20 68
14.310525 1329704483.560215 16 -17 63
14.310525 1329704483.568602 16 -14 58
14.352755 1329704483.577018 17 -11 52
14.352755 1329704483.585352 17 -7 46
14.386599 1329704483.593563 17 -3 40
14.386599 1329704483.602370 17 0 34
14.428243 1329704483.610019 16 3 28
14.428243 1329704483.618531 14 6 21
14.472229 1329704483.627034 13 9 14
14.472229 1329704483.635589 11 11 7
14.511898 1329704483.643549 8 13 0
14.511898 1329704483.657385 5 14 -6
14.544576 1329704483.662378 2 16 -13
14.544576 1329704483.668414 -1 16 -21
14.588955 1329704483.676706 -4 16 -28
14.588955 1329704483.685684 -8 16 -35
14.628180 1329704483.693622 -10 14 -42
14.628180 1329704483.701901 -12 13 -48
14.675929 1329704483.710433 -12 11 -54
14.675929 1329704483.718550 -12 9 -59
14.710749 1329704483.727546 -12 7 -64
14.710749 1329704483.735401 -11 6 -68
14.744425 1329704483.743352 -10 4 -72
14.744425 1329704483.752043 -9 2 -76
14.786358 1329704483.769745 -8 0 -79
14.786358 1329704483.776810 -8 0 -82
14.828897 1329704483.784977 -7 -2 -84
14.828897 1329704483.793559 -7 -3 -86
14.869095 1329704483.801767 -7 -5 -88
14.869095 1329704483.810007 -7 -6 -89
14.906104 1329704483.820019 -8 -7 -90
14.906104 1329704483.826756 -8 -7 -91
14.944408 1329704483.835086 -9 -8 -92
14.944408 1329704483.843611 -9 -8 -92
14.985989 1329704483.851726 -9 -8 -92
14.985989 1329704483.859694 -9 -8 -91
15.030402 1329704483.868376 -9 -7 -91
15.030402 1329704483.876677 -8 -7 -90
15.066515 1329704483.885036 -7 -6 -89
15.066515 1329704483.893537 -7 -5 -88
15.111090 1329704483.901666 -6 -4 -86
15.111090 1329704483.910190 -5 -3 -85
15.149049 1329704483.918397 -5 -1 -83
15.149049 1329704483.926681 -4 0 -80
15.186133 1329704483.935013 -3 1 -78
15.186133 1329704483.943461 -3 3 -75
15.227517 1329704483.951692 -2 4 -72
15.227517 1329704483.960160 -1 6 -69
15.267384 1329704483.968515 0 7 -66
15.267384 1329704483.982442 0 8 -62
15.305789 1329704483.984955 0 9 -58
15.305789 1329704483.993380 1 10 -53
15.344789 1329704484.001530 2 11 -49
15.344789 1329704484.009947 3 11 -44
15.385714 1329704484.018222 4 12 -40
15.385714 1329704484.029777 5 12 -35
15.427454 1329704484.034657 7 12 -30
15.427454 1329704484.043419 8 12 -24
15.469371 1329704484.051357 10 12 -19
15.469371 1329704484.059498 11 12 -14
15.504633 1329704484.067708 12 11 -9
15.504633 1329704484.075843 13 10 -5
15.549199 1329704484.084440 14 9 0
15.549199 1329704484.092562 14 8 3
15.585599 1329704484.101602 15 7 7
15.585599 1329704484.108938 15 6 11
15.627865 1329704484.118732 15 5 14
15.627865 1329704484.125925 15 3 18
15.669155 1329704484.134169 15 2 21
15.669155 1329704484.142703 15 0 23
15.710610 1329704484.150744 16 0 25
15.710610 1329704484.161196 15 -1 27
15.751814 1329704484.167654 15 -3 29
15.751814 1329704484.177583 14 -4 31
15.785458 1329704484.188939 14 -5 32
15.785458 1329704484.192427 13 -6 33
15.826443 1329704484.200672 12 -7 33
15.826443 1329704484.209158 11 -7 34
15.868462 1329704484.217462 10 -8 35
15.868462 1329704484.230686 9 -8 35
15.909960 1329704484.233831 8 -8 36
15.909960 1329704484.242519 8 -9 36
15.951544 1329704484.250625 7 -9 37
15.951544 1329704484.259016 7 -9 37
15.985127 1329704484.267625 6 -10 37
15.985127 1329704484.280712 6 -10 37
16.026517 1329704484.283772 6 -10 37
16.026517 1329704484.292473 6 -10 37
16.069787 1329704484.302301 6 -11 37
16.069787 1329704484.308740 6 -11 37
16.109570 1329704484.317994 7 -11 37
16.109570 1329704484.329089 8 -11 37
16.151359 1329704484.333936 9 -12 37
16.151359 1329704484.342268 10 -12 37
16.184561 1329704484.350610 10 -12 37
16.184561 1329704484.358775 10 -12 36
16.230875 1329704484.367235 9 -12 36
16.230875 1329704484.375430 8 -11 36
16.267983 1329704484.383676 8 -11 35
16.267983 1329704484.391861 7 -11 35
16.308018 1329704484.402060 7 -11 35
16.308018 1329704484.408393 6 -11 35
16.351019 1329704484.416678 6 -11 35
16.351019 1329704484.425223 6 -10 35
16.384688 1329704484.439619 7 -10 35
16.384688 1329704484.443333 7 -10 34
16.426712 1329704484.449886 7 -9 34
16.426712 1329704484.458237 7 -9 34
16.467719 1329704484.466577 7 -9 33
16.467719 1329704484.479079 7 -8 33
16.509560 1329704484.500747 7 -8 33
16.509560 1329704484.522353 7 -7 32
16.550625 1329704484.533196 8 -7 32
16.550625 1329704484.545622 8 -7 32
16.584838 1329704484.549971 8 -6 31
16.584838 1329704484.558205 8 -6 31
16.626240 1329704484.567511 8 -6 31
16.626240 1329704484.574795 8 -6 30
16.682412 1329704484.583360 8 -5 30
16.682412 1329704484.591199 8 -5 30
16.709711 1329704484.607988 8 -5 29
16.709711 1329704484.609208 7 -5 29
16.750723 1329704484.616310 7 -5 29
16.750723 1329704484.624893 7 -4 28
16.794603 1329704484.653323 7 -4 28
16.794603 1329704484.666753 7 -4 28
16.823859 1329704484.675039 7 -4 28
16.823859 1329704484.683394 7 -4 27
16.873829 1329704484.691561 7 -4 27
16.873829 1329704484.700021 7 -3 27
16.909053 1329704484.717734 7 -3 27
16.909053 1329704484.740196 7 -3 26
16.957890 1329704484.751011 7 -3 26
16.957890 1329704484.758831 7 -3 26
16.984214 1329704484.766823 7 -3 26
16.984214 1329704484.775466 7 -3 26
17.025603 1329704484.784041 7 -2 26
17.025603 1329704484.797104 7 -2 26
17.072197 1329704484.802370 7 -2 25
17.072197 1329704484.808649 7 -2 25
17.108668 1329704484.816996 7 -2 25
17.108668 1329704484.825456 7 -2 25
17.150617 1329704484.833624 7 -2 25
17.150617 1329704484.842066 7 -2 25
17.192169 1329704484.850820 7 -2 25
17.192169 1329704484.858592 7 -2 25
17.225271 1329704484.866808 7 -2 25
17.225271 1329704484.875395 7 -2 25
17.266819 1329704484.883685 7 -2 25
17.266819 1329704484.892019 7 -2 25
17.313443 1329704484.905720 7 -3 25
17.313443 1329704484.911504 7 -3 25
17.347092 1329704484.917665 8 -4 24
17.347092 1329704484.925184 8 -4 24
17.384215 1329704484.933349 9 -4 24
17.384215 1329704484.941746 10 -4 23
17.425658 1329704484.949990 11 -4 23
17.425658 1329704484.958909 12 -5 22
17.477145 1329704484.967232 13 -4 22
17.477145 1329704484.975654 13 -4 23
17.508389 1329704484.983775 13 -5 24
17.508389 1329704484.991992 12 -5 25
17.550222 1329704485.002441 11 -6 27
17.550222 1329704485.009098 10 -7 29
17.600411 1329704485.019612 9 -8 32
17.600411 1329704485.026071 9 -9 36
17.625095 1329704485.034287 9 -10 40
17.625095 1329704485.042401 9 -12 46
17.665634 1329704485.061029 10 -14 51
17.665634 1329704485.069356 10 -16 57
17.709424 1329704485.075839 10 -18 64
17.709424 1329704485.084209 9 -20 69
17.748935 1329704485.092728 8 -21 75
17.748935 1329704485.100457 7 -22 80
17.803818 1329704485.109371 5 -23 84
17.803818 1329704485.117929 3 -23 88
17.824016 1329704485.126097 1 -22 91
17.824016 1329704485.134702 0 -22 94
17.865562 1329704485.143100 -1 -21 96
17.865562 1329704485.150841 -1 -19 97
17.912333 1329704485.159435 -1 -18 98
17.912333 1329704485.171253 0 -18 97
17.948841 1329704485.176168 1 -17 96
17.948841 1329704485.184665 2 -17 94
17.992217 1329704485.193528 3 -17 91
17.992217 1329704485.201250 3 -17 88
18.031841 1329704485.211523 4 -16 84
18.031841 1329704485.218027 4 -16 78
18.067424 1329704485.226262 4 -15 72
18.067424 1329704485.234946 4 -14 65
18.106697 1329704485.243155 6 -12 58
18.106697 1329704485.251266 7 -10 51
18.149496 1329704485.259296 9 -8 44
18.149496 1329704485.267767 10 -6 37
18.191219 1329704485.275679 11 -4 30
18.191219 1329704485.284424 11 -2 23
18.224716 1329704485.292471 10 0 16
18.224716 1329704485.300911 9 0 9
18.266495 1329704485.309020 7 1 2
18.266495 1329704485.317479 5 3 -4
18.299893 1329704485.325337 3 3 -11
18.325204 1329704485.334272 1 4 -19
18.325204 1329704485.342318 0 4 -26
18.404621 1329704485.350558 -1 4 -32
18.404621 1329704485.359041 -2 4 -38
18.404621 1329704485.367573 -3 4 -44
18.404621 1329704485.375699 -3 3 -49
18.455249 1329704485.384461 -4 3 -53
18.455249 1329704485.392855 -4 3 -57
18.491056 1329704485.400884 -5 3 -61
18.491056 1329704485.411189 -5 3 -64
18.524179 1329704485.417681 -6 4 -67
18.524179 1329704485.425588 -6 4 -68
18.565990 1329704485.434017 -6 4 -70
18.565990 1329704485.442388 -5 3 -70
18.607683 1329704485.458517 -5 3 -71
18.607683 1329704485.470243 -4 2 -70
18.649854 1329704485.485054 -3 2 -70
18.649854 1329704485.500204 -1 1 -68
18.685717 1329704485.502711 0 0 -66
18.685717 1329704485.509595 1 0 -64
18.733433 1329704485.516901 2 0 -62
18.733433 1329704485.525880 4 0 -59
18.765974 1329704485.533292 5 0 -56
18.765974 1329704485.542048 6 0 -52
18.807267 1329704485.550033 7 0 -48
18.807267 1329704485.558588 8 0 -44
18.849547 1329704485.573405 9 0 -40
18.849547 1329704485.575273 10 0 -36
18.898653 1329704485.583570 11 0 -31
18.898653 1329704485.592458 12 0 -27
18.924258 1329704485.600610 13 0 -22
18.924258 1329704485.609068 13 -1 -18
18.966045 1329704485.617353 14 -1 -13
18.966045 1329704485.628731 14 -1 -8
19.028479 1329704485.633867 15 -1 -4
19.028479 1329704485.642624 14 -2 0
19.048850 1329704485.650570 14 -2 3
19.048850 1329704485.659172 13 -2 7
19.090589 1329704485.667939 13 -2 11
19.090589 1329704485.685595 12 -3 14
19.127590 1329704485.692276 11 -3 17
19.127590 1329704485.700708 10 -3 20
19.165551 1329704485.708771 10 -4 22
19.165551 1329704485.717228 9 -4 24
19.207286 1329704485.725714 9 -4 26
19.207286 1329704485.733671 8 -4 28
19.248637 1329704485.742120 8 -4 29
19.248637 1329704485.750705 7 -5 30
19.290639 1329704485.758645 7 -5 31
19.290639 1329704485.767432 6 -5 32
19.330773 1329704485.775284 6 -5 33
19.330773 1329704485.783234 5 -5 33
19.364726 1329704485.801900 5 -5 34
19.364726 1329704485.808767 5 -6 34
19.407954 1329704485.816495 5 -6 35
19.407954 1329704485.825511 5 -6 35
19.448390 1329704485.833473 5 -6 35
19.448390 1329704485.841401 5 -7 35
19.494257 1329704485.851358 5 -7 35
19.494257 1329704485.858821 5 -7 36
19.523876 1329704485.866725 6 -7 36
19.523876 1329704485.875504 6 -7 36
19.564013 1329704485.883487 6 -7 36
19.564013 1329704485.891276 6 -7 37
19.611086 1329704485.899596 7 -7 37
19.611086 1329704485.908532 7 -7 38
19.648276 1329704485.916539 8 -7 38
19.648276 1329704485.924899 8 -7 39
19.689651 1329704485.933258 9 -7 39
19.689651 1329704485.941296 9 -7 40
19.731386 1329704485.949520 9 -7 40
19.731386 1329704485.958501 9 -7 41
19.764977 1329704485.966281 9 -7 41
19.764977 1329704485.974877 9 -7 41
19.806262 1329704485.983326 8 -7 41
19.806262 1329704485.991144 8 -7 42
19.847991 1329704485.999563 8 -8 42
19.847991 1329704486.008417 8 -8 42
19.890504 1329704486.016469 8 -8 42
19.890504 1329704486.025114 8 -8 42
19.931375 1329704486.035227 8 -8 42
19.931375 1329704486.041137 8 -8 42
19.964747 1329704486.049578 8 -8 42
19.964747 1329704486.058125 7 -8 42
20.005748 1329704486.066342 7 -8 42
20.005748 1329704486.074626 7 -8 42
20.048524 1329704486.084634 7 -8 42
20.048524 1329704486.090919 8 -8 41
20.090182 1329704486.101162 8 -8 41
20.090182 1329704486.108210 8 -7 41
20.132481 1329704486.116163 9 -7 41
20.132481 1329704486.124599 9 -7 41
20.164354 1329704486.133110 9 -6 41
20.164354 1329704486.141443 9 -6 41
20.206010 1329704486.159022 9 -6 41
20.206010 1329704486.170465 9 -6 40
20.266105 1329704486.175898 9 -6 40
20.266105 1329704486.182994 9 -5 40
20.289310 1329704486.191252 9 -5 40
20.289310 1329704486.199305 9 -5 40
20.325237 1329704486.218063 9 -5 40
20.325237 1329704486.225041 9 -5 40
20.375233 1329704486.232602 9 -5 39
20.375233 1329704486.241916 8 -5 39
20.406101 1329704486.249706 8 -4 39
20.406101 1329704486.257346 9 -5 39
20.449089 1329704486.272562 9 -5 39
20.449089 1329704486.275053 9 -4 39
20.500172 1329704486.282609 9 -4 39
20.500172 1329704486.291377 9 -4 39
20.530576 1329704486.299593 9 -4 38
20.530576 1329704486.307445 8 -4 38
20.574982 1329704486.315869 8 -4 38
20.574982 1329704486.324682 8 -4 38
20.605592 1329704486.332586 8 -4 38
20.605592 1329704486.342002 8 -4 38
20.647291 1329704486.349543 8 -4 38
20.647291 1329704486.357173 8 -4 38
20.699040 1329704486.365910 8 -4 38
20.699040 1329704486.375778 8 -4 38
20.730324 1329704486.382415 8 -4 38
20.730324 1329704486.390980 8 -4 38
20.764332 1329704486.399687 8 -3 38
20.764332 1329704486.407150 7 -3 38
20.805593 1329704486.415819 8 -3 38
20.805593 1329704486.434857 8 -3 39
20.847183 1329704486.440847 8 -2 40
20.847183 1329704486.449412 8 -2 41
20.888788 1329704486.457668 8 -2 43
20.888788 1329704486.465494 7 -2 44
20.931910 1329704486.473963 7 -2 47
20.931910 1329704486.482548 7 -3 49
20.971653 1329704486.490741 7 -3 52
20.971653 1329704486.499400 7 -4 55
21.005067 1329704486.507530 7 -5 59
21.005067 1329704486.515462 8 -6 63
21.045836 1329704486.524019 8 -8 67
21.045836 1329704486.532581 8 -9 71
21.087658 1329704486.540642 8 -10 75
21.087658 1329704486.551574 8 -12 79
21.128955 1329704486.557428 8 -13 83
21.128955 1329704486.565839 7 -15 87
21.170627 1329704486.574027 5 -17 91
21.170627 1329704486.593539 3 -19 94
21.204025 1329704486.606906 1 -21 97
21.204025 1329704486.609485 0 -22 100
21.245753 1329704486.615798 -1 -24 103
21.245753 1329704486.623700 -2 -25 106
21.287066 1329704486.632324 -3 -26 108
21.287066 1329704486.640806 -3 -27 110
21.329179 1329704486.652061 -3 -28 112
21.329179 1329704486.657595 -3 -28 113
21.370177 1329704486.665841 -2 -28 114
21.370177 1329704486.673889 -1 -28 114
21.412482 1329704486.682239 0 -27 113
21.412482 1329704486.692709 0 -26 112
21.445863 1329704486.704209 1 -25 111
21.445863 1329704486.720285 2 -23 109
21.484011 1329704486.741594 3 -21 106
21.484011 1329704486.753444 5 -19 103
21.528884 1329704486.766924 6 -16 100
21.528884 1329704486.774162 7 -13 96
21.570240 1329704486.781991 8 -10 91
21.570240 1329704486.790680 10 -7 86
21.603761 1329704486.799117 11 -4 80
21.603761 1329704486.806949 11 -1 74
21.646066 1329704486.815306 12 1 68
21.646066 1329704486.824015 12 5 61
21.687851 1329704486.832098 13 8 54
21.687851 1329704486.840540 12 11 48
21.730865 1329704486.859334 12 14 41
21.730865 1329704486.881578 12 16 34
21.764137 1329704486.893079 13 17 26
21.764137 1329704486.898850 14 18 19
21.804490 1329704486.907028 14 19 11
21.804490 1329704486.915615 13 19 3
21.846063 1329704486.923629 10 18 -4
21.846063 1329704486.931936 7 17 -12
21.887976 1329704486.941362 3 16 -19
21.887976 1329704486.948599 0 15 -25
21.932490 1329704486.957676 -4 13 -31
21.932490 1329704486.965459 -6 12 -36
21.970636 1329704486.974646 -8 10 -40
21.970636 1329704486.981961 -10 8 -44
22.004465 1329704486.998677 -10 6 -47
22.004465 1329704487.000743 -10 4 -49
22.054552 1329704487.006790 -10 3 -52
22.054552 1329704487.015535 -10 1 -54
22.088947 1329704487.025446 -10 0 -55
22.088947 1329704487.031756 -10 0 -56
22.137708 1329704487.040425 -10 -1 -57
22.137708 1329704487.048995 -11 -1 -58
22.170914 1329704487.056773 -11 -1 -58
22.170914 1329704487.065438 -10 -1 -58
22.204462 1329704487.073691 -10 -1 -57
22.204462 1329704487.081951 -11 -1 -57
22.245507 1329704487.090470 -11 -1 -55
22.245507 1329704487.108266 -11 0 -54
22.290887 1329704487.115448 -11 0 -52
22.290887 1329704487.123683 -11 0 -49
22.328874 1329704487.132211 -11 1 -46
22.328874 1329704487.140253 -11 2 -43
22.370764 1329704487.148813 -10 4 -39
22.370764 1329704487.161530 -9 5 -35
22.412559 1329704487.165375 -8 7 -31
22.412559 1329704487.173781 -7 8 -26
22.452993 1329704487.182437 -5 9 -21
22.452993 1329704487.190693 -3 10 -17
22.503763 1329704487.198789 -1 10 -12
22.503763 1329704487.207162 0 10 -7
22.529373 1329704487.215574 2 10 -3
22.529373 1329704487.223899 4 9 1
22.570917 1329704487.232366 6 9 5
22.570917 1329704487.240351 8 8 9
22.609471 1329704487.248767 10 7 12
22.609471 1329704487.256992 12 7 16
22.645654 1329704487.265498 13 6 19
22.645654 1329704487.273881 14 5 22
22.687352 1329704487.282498 15 4 25
22.687352 1329704487.290730 16 4 28
22.729115 1329704487.299123 16 3 31
22.729115 1329704487.307436 17 2 33
22.770875 1329704487.315583 16 1 35
22.770875 1329704487.323997 16 0 37
22.803982 1329704487.332356 16 0 39
22.803982 1329704487.340771 16 0 41
22.845865 1329704487.359689 15 -1 43
22.845865 1329704487.365620 15 -2 44
22.887148 1329704487.374048 14 -2 45
22.887148 1329704487.382333 13 -3 46
22.928946 1329704487.390899 13 -3 46
22.928946 1329704487.398858 14 -4 47
22.971713 1329704487.412621 14 -4 48
22.971713 1329704487.416461 14 -5 48
23.012551 1329704487.424094 15 -5 48
23.012551 1329704487.433619 15 -5 48
23.045219 1329704487.441149 14 -5 48
23.045219 1329704487.448916 13 -6 48
23.087254 1329704487.457550 13 -6 47
23.087254 1329704487.465688 12 -7 47
23.128839 1329704487.474291 12 -7 47
23.128839 1329704487.482376 12 -8 46
23.173715 1329704487.491098 12 -7 46
23.173715 1329704487.498743 12 -7 46
23.203730 1329704487.507508 12 -6 46
23.203730 1329704487.515603 12 -5 46
23.246454 1329704487.523990 12 -4 46
23.246454 1329704487.532445 12 -3 46
23.291316 1329704487.540897 12 -2 46
23.291316 1329704487.549126 12 -2 45
23.327929 1329704487.569460 12 -2 45
23.327929 1329704487.573972 11 -2 45
23.370648 1329704487.582330 11 -2 45
23.370648 1329704487.590682 10 -2 45
23.405903 1329704487.599417 10 -3 45
23.405903 1329704487.617813 9 -4 45
23.445104 1329704487.624249 9 -5 45
23.445104 1329704487.632026 9 -5 45
23.487085 1329704487.640806 8 -6 44
23.487085 1329704487.649077 8 -6 44
23.531078 1329704487.657448 8 -5 44
23.531078 1329704487.665665 8 -5 44
23.570084 1329704487.674239 8 -5 44
23.570084 1329704487.681859 8 -4 44
23.611411 1329704487.690635 8 -4 44
23.611411 1329704487.698926 8 -4 44
23.644830 1329704487.707418 8 -4 44
23.644830 1329704487.724232 9 -4 44
23.686722 1329704487.747929 9 -4 44
23.686722 1329704487.750694 9 -4 44
23.728240 1329704487.756907 9 -4 44
23.728240 1329704487.765469 9 -4 44
23.778424 1329704487.774275 9 -4 44
23.778424 1329704487.781976 9 -4 44
23.815060 1329704487.797811 9 -3 44
23.815060 1329704487.802590 9 -3 44
23.844871 1329704487.807673 9 -3 44
23.844871 1329704487.815488 9 -3 44
23.886113 1329704487.824447 9 -3 44
23.886113 1329704487.832130 9 -3 44
23.927840 1329704487.841489 9 -2 44
23.927840 1329704487.848713 9 -2 44
23.969631 1329704487.858521 9 -2 44
23.969631 1329704487.865244 9 -2 44
24.011367 1329704487.873769 9 -2 45
24.011367 1329704487.882058 10 -2 45
24.044508 1329704487.890336 10 -2 46
24.044508 1329704487.898701 9 -2 47
24.086012 1329704487.906812 9 -2 48
24.086012 1329704487.915529 9 -2 49
24.127338 1329704487.928551 8 -1 51
24.127338 1329704487.939783 8 -1 52
24.168862 1329704487.954574 8 0 54
24.168862 1329704487.968519 9 0 56
24.210174 1329704487.983011 11 0 59
24.210174 1329704487.990037 12 0 61
24.243596 1329704487.998532 14 0 64
24.243596 1329704488.013770 15 0 67
24.284811 1329704488.028444 16 -1 70
24.284811 1329704488.031572 16 -2 74
24.326374 1329704488.039805 16 -3 77
24.326374 1329704488.048153 15 -5 81
24.367950 1329704488.056667 14 -6 85
24.367950 1329704488.064700 13 -8 89
24.414627 1329704488.073162 11 -10 92
24.414627 1329704488.081393 10 -12 96
24.451125 1329704488.089567 9 -14 99
24.451125 1329704488.099931 8 -16 103
24.484803 1329704488.106617 7 -18 106
24.484803 1329704488.117546 7 -20 108
24.531354 1329704488.123065 6 -22 111
24.531354 1329704488.131162 5 -24 113
24.563791 1329704488.139734 4 -26 115
24.563791 1329704488.147781 3 -27 117
24.616230 1329704488.156392 2 -27 118
24.616230 1329704488.165469 2 -28 119
24.651070 1329704488.173053 1 -27 119
24.651070 1329704488.181055 2 -27 118
24.683951 1329704488.189607 3 -26 116
24.683951 1329704488.197725 4 -24 113
24.725739 1329704488.206097 5 -22 110
24.725739 1329704488.214512 7 -20 106
24.767553 1329704488.222852 9 -18 102
24.767553 1329704488.230695 11 -15 97
24.810959 1329704488.239217 12 -12 92
24.810959 1329704488.247332 13 -9 87
24.851103 1329704488.255536 14 -6 81
24.851103 1329704488.263835 14 -3 75
24.884778 1329704488.272289 15 0 69
24.884778 1329704488.280395 15 3 63
24.926925 1329704488.288817 15 5 56
24.926925 1329704488.297329 15 8 49
24.972581 1329704488.305556 14 10 42
24.972581 1329704488.313862 13 11 35
25.009822 1329704488.322048 12 12 28
25.009822 1329704488.330167 10 13 21
25.051612 1329704488.338566 9 14 13
25.051612 1329704488.347241 7 14 6
25.085940 1329704488.356684 6 14 -1
25.085940 1329704488.363525 5 13 -8
25.135618 1329704488.372206 3 13 -15
25.135618 1329704488.380401 2 11 -21
25.171611 1329704488.388526 2 10 -27
25.171611 1329704488.397150 1 8 -32
25.209549 1329704488.405421 0 6 -36
25.209549 1329704488.413771 0 4 -39
25.251410 1329704488.422242 0 2 -42
25.251410 1329704488.430079 0 0 -45
25.284876 1329704488.438590 0 -1 -47
25.284876 1329704488.447065 0 -2 -50
25.325599 1329704488.455456 -1 -3 -51
25.325599 1329704488.463678 -1 -5 -53
25.368455 1329704488.472210 -1 -5 -54
25.368455 1329704488.480301 -1 -6 -54
25.411168 1329704488.488653 -1 -6 -54
25.411168 1329704488.497161 0 -6 -54
25.450875 1329704488.505484 0 -5 -54
25.450875 1329704488.513705 0 -5 -53
25.484449 1329704488.522080 0 -4 -52
25.484449 1329704488.530173 0 -3 -51
25.525869 1329704488.538604 0 -3 -49
25.525869 1329704488.547033 0 -2 -47
25.567272 1329704488.560566 0 -1 -45
25.567272 1329704488.563328 0 0 -42
25.616084 1329704488.572446 0 0 -39
25.616084 1329704488.579987 1 1 -36
25.650910 1329704488.588321 2 2 -33
25.650910 1329704488.596724 3 3 -29
25.693051 1329704488.605738 5 4 -25
25.693051 1329704488.613340 6 5 -21
25.725587 1329704488.621742 8 6 -17
25.725587 1329704488.629848 9 6 -13
25.767741 1329704488.638453 11 7 -9
25.767741 1329704488.646584 13 7 -4
25.811410 1329704488.655033 14 8 0
25.811410 1329704488.663284 15 8 3
25.859398 1329704488.671746 16 8 8
25.859398 1329704488.681444 16 8 11
25.883919 1329704488.688161 16 8 15
25.883919 1329704488.696681 16 7 19
25.925665 1329704488.705023 16 7 22
25.925665 1329704488.722012 16 6 25
25.967099 1329704488.730001 16 6 29
25.967099 1329704488.740074 17 5 32
26.017783 1329704488.746654 17 4 35
26.017783 1329704488.754882 17 3 37
26.050598 1329704488.769770 18 2 40
26.050598 1329704488.781028 18 2 42
26.084377 1329704488.788022 19 1 44
26.084377 1329704488.796539 19 0 45
26.137033 1329704488.804887 19 0 46
26.137033 1329704488.813443 19 0 47
26.167382 1329704488.821786 19 -1 48
26.167382 1329704488.840668 18 -2 49
26.214478 1329704488.847211 18 -2 50
26.214478 1329704488.855137 18 -3 51
26.250427 1329704488.863564 18 -3 51
26.250427 1329704488.871886 18 -3 51
26.283713 1329704488.880347 18 -3 52
26.283713 1329704488.889798 17 -3 52
26.325309 1329704488.896357 17 -3 52
26.325309 1329704488.905105 17 -3 52
26.367284 1329704488.913242 17 -3 52
26.367284 1329704488.921574 17 -3 52
26.409191 1329704488.929999 17 -3 52
26.409191 1329704488.938077 17 -3 53
26.465243 1329704488.946550 17 -3 53
26.465243 1329704488.955231 17 -3 53
26.492106 1329704488.963665 17 -3 53
26.492106 1329704488.971533 17 -3 53
26.525088 1329704488.980705 16 -3 53
26.525088 1329704488.988758 16 -3 53
26.567071 1329704488.997460 16 -2 53
26.567071 1329704489.005572 16 -2 52
26.610156 1329704489.014157 16 -2 52
26.610156 1329704489.022209 16 -2 52
26.650409 1329704489.030694 16 -2 52
26.650409 1329704489.039094 16 -2 52
26.691933 1329704489.058713 16 -2 52
26.691933 1329704489.065108 16 -2 51
26.725186 1329704489.072892 16 -2 51
26.725186 1329704489.080871 16 -2 51
26.764990 1329704489.088911 15 -2 51
26.764990 1329704489.099555 15 -2 51
26.815782 1329704489.115176 15 -2 51
26.815782 1329704489.130573 15 -2 50
26.850290 1329704489.154251 15 -1 50
26.850290 1329704489.167982 15 -1 50
26.891654 1329704489.172206 15 -1 50
26.891654 1329704489.180838 15 -1 50
26.925323 1329704489.189412 16 -1 50
26.925323 1329704489.197601 16 -1 50
26.966665 1329704489.205946 17 -1 50
26.966665 1329704489.214186 17 -1 51
27.008191 1329704489.222126 18 -1 51
27.008191 1329704489.230938 18 -1 52
27.049771 1329704489.239160 19 -1 52
27.049771 1329704489.247584 19 -1 53
27.109863 1329704489.267585 20 -1 54
27.109863 1329704489.273125 20 -1 55
27.133028 1329704489.280779 20 -1 56
27.133028 1329704489.288561 21 -2 58
27.165938 1329704489.297048 21 -2 60
27.165938 1329704489.305159 20 -3 62
27.207593 1329704489.313789 20 -3 65
27.207593 1329704489.321992 19 -4 68
27.248323 1329704489.330622 19 -5 72
27.248323 1329704489.338692 18 -6 75
27.290054 1329704489.347199 17 -7 79
27.290054 1329704489.355695 15 -9 83
27.323947 1329704489.364111 14 -10 87
27.323947 1329704489.374712 12 -12 91
27.364965 1329704489.380944 10 -14 95
27.364965 1329704489.388730 8 -16 98
27.406487 1329704489.397396 7 -18 102
27.406487 1329704489.405775 5 -20 105
27.448063 1329704489.414252 4 -21 108
27.448063 1329704489.424298 4 -22 111
27.489725 1329704489.430800 3 -24 113
27.489725 1329704489.439620 3 -25 115
27.530981 1329704489.447015 3 -26 117
27.530981 1329704489.456728 3 -27 118
27.564559 1329704489.464077 4 -27 120
27.564559 1329704489.472192 4 -28 120
27.606146 1329704489.480837 5 -29 121
27.606146 1329704489.488809 7 -29 121
27.647716 1329704489.496915 8 -29 120
27.647716 1329704489.506165 10 -29 119
27.689130 1329704489.514111 11 -28 117
27.689130 1329704489.522391 13 -27 114
27.735786 1329704489.531316 14 -26 111
27.735786 1329704489.539024 16 -24 107
27.769013 1329704489.546857 17 -21 103
27.769013 1329704489.555833 18 -19 98
27.805936 1329704489.563989 19 -16 92
27.805936 1329704489.572161 20 -13 87
27.850280 1329704489.594067 21 -10 81
27.850280 1329704489.607735 21 -7 75
27.890043 1329704489.613680 22 -4 69
27.890043 1329704489.622257 24 -1 62
27.932324 1329704489.630607 24 1 55
27.932324 1329704489.638997 25 3 49
27.965337 1329704489.647308 24 5 42
27.965337 1329704489.657042 23 7 34
28.006759 1329704489.663683 22 9 27
28.006759 1329704489.673021 19 11 20
28.048629 1329704489.680735 16 12 13
28.048629 1329704489.689107 12 13 5
28.094889 1329704489.697404 8 13 -1
28.094889 1329704489.713415 4 12 -8
28.142023 1329704489.716318 0 12 -15
28.142023 1329704489.722289 -2 10 -21
28.173506 1329704489.730482 -5 8 -26
28.173506 1329704489.739022 -6 7 -31
28.207835 1329704489.747230 -8 5 -35
28.207835 1329704489.770845 -9 3 -38
28.246198 1329704489.773616 -9 1 -41
28.246198 1329704489.780391 -9 0 -44
28.289790 1329704489.788742 -9 -2 -46
28.289790 1329704489.797034 -9 -4 -49
28.333762 1329704489.805348 -8 -5 -50
28.333762 1329704489.813691 -8 -7 -52
28.365033 1329704489.821694 -8 -8 -53
28.365033 1329704489.830444 -7 -8 -54
28.413070 1329704489.838424 -7 -9 -55
28.413070 1329704489.847531 -6 -9 -55
28.448738 1329704489.855258 -6 -9 -55
28.448738 1329704489.862865 -5 -9 -55
28.489603 1329704489.871498 -5 -8 -54
28.489603 1329704489.881164 -5 -8 -53
28.531530 1329704489.888641 -5 -7 -52
28.531530 1329704489.898443 -4 -6 -50
28.564920 1329704489.905428 -3 -5 -48
28.564920 1329704489.913337 -2 -4 -46
28.606021 1329704489.921929 -1 -3 -43
28.606021 1329704489.930529 0 -1 -40
28.647999 1329704489.938595 1 0 -36
28.647999 1329704489.946852 3 1 -33
28.690022 1329704489.955447 5 2 -29
28.690022 1329704489.963150 6 3 -25
28.731666 1329704489.973991 8 4 -21
28.731666 1329704489.989536 9 4 -17
28.764835 1329704490.022105 10 5 -13
28.764835 1329704490.036539 11 5 -9
28.812212 1329704490.042900 12 6 -4
28.812212 1329704490.046475 13 6 0
28.848760 1329704490.054841 14 6 3
28.848760 1329704490.063332 14 6 8
28.887403 1329704490.074479 15 6 12
28.887403 1329704490.080327 15 5 15
28.937632 1329704490.088093 15 5 19
28.937632 1329704490.096511 15 4 23
28.964619 1329704490.104532 15 4 26
28.964619 1329704490.113164 15 3 30
29.006767 1329704490.125791 16 2 33
29.006767 1329704490.129855 16 1 36
29.048147 1329704490.138172 17 0 39
29.048147 1329704490.147366 17 0 41
29.090019 1329704490.154592 17 -1 44
29.090019 1329704490.163051 17 -2 46
29.132540 1329704490.180192 17 -3 48
29.132540 1329704490.188345 17 -5 49
29.164584 1329704490.196456 17 -6 50
29.164584 1329704490.204733 17 -7 52
29.206402 1329704490.213054 17 -7 53
29.206402 1329704490.221701 17 -8 54
29.260527 1329704490.229692 18 -8 55
29.260527 1329704490.237994 18 -9 56
29.289439 1329704490.246551 19 -9 57
29.289439 1329704490.255220 19 -10 58
29.328042 1329704490.263138 19 -10 59
29.328042 1329704490.271695 19 -10 60
29.373081 1329704490.279662 19 -10 61
29.373081 1329704490.288611 19 -10 62
29.405485 1329704490.296422 19 -11 63
29.405485 1329704490.304907 19 -11 63
29.448883 1329704490.313102 19 -11 64
29.448883 1329704490.321399 19 -11 64
29.488703 1329704490.329809 19 -11 65
29.488703 1329704490.341045 19 -11 65
29.547551 1329704490.346629 19 -12 66
29.547551 1329704490.354239 19 -12 66
29.570599 1329704490.362718 18 -12 66
29.570599 1329704490.371383 18 -12 66
29.605014 1329704490.391472 18 -12 66
29.605014 1329704490.405170 18 -11 66
29.646860 1329704490.413785 18 -11 66
29.646860 1329704490.420917 18 -11 66
29.684887 1329704490.429149 18 -11 66
29.684887 1329704490.438003 18 -11 66
29.746859 1329704490.446536 19 -11 66
29.746859 1329704490.455091 19 -11 66
29.772075 1329704490.463117 19 -11 65
29.772075 1329704490.471316 19 -10 65
29.804815 1329704490.479402 19 -10 65
29.804815 1329704490.487833 18 -10 64
29.856414 1329704490.496334 18 -10 64
29.856414 1329704490.504667 18 -10 64
29.888303 1329704490.513307 18 -10 64
29.888303 1329704490.521270 18 -10 64
29.929809 1329704490.529540 18 -10 63
29.929809 1329704490.537921 18 -10 63
29.971184 1329704490.546517 18 -10 63
29.971184 1329704490.554768 19 -10 63
30.006772 1329704490.563036 19 -10 62
30.006772 1329704490.571523 19 -10 62
30.046572 1329704490.579246 19 -10 62
30.046572 1329704490.587874 18 -9 62
30.088145 1329704490.596320 18 -9 61
30.088145 1329704490.606341 17 -9 61
30.124987 1329704490.613159 17 -9 61
30.124987 1329704490.621027 16 -9 60
30.171047 1329704490.629639 16 -8 60
30.171047 1329704490.637380 16 -8 60
30.204761 1329704490.654623 15 -8 60
30.204761 1329704490.663613 15 -8 59
30.272499 1329704490.671051 16 -8 59
30.272499 1329704490.680242 16 -8 59
30.284401 1329704490.687037 16 -8 58
30.284401 1329704490.695629 16 -8 58
30.329437 1329704490.704131 16 -7 58
30.329437 1329704490.712364 17 -7 58
30.373404 1329704490.720658 17 -7 57
30.373404 1329704490.728901 17 -7 57
30.404457 1329704490.737393 17 -7 57
30.404457 1329704490.745349 16 -7 57
30.446222 1329704490.753627 16 -6 57
30.446222 1329704490.762311 16 -6 57
30.487954 1329704490.770631 16 -6 56
30.487954 1329704490.778884 16 -6 56
30.529169 1329704490.787283 16 -6 56
30.529169 1329704490.795598 16 -5 56
30.570899 1329704490.803784 16 -5 57
30.570899 1329704490.812425 16 -5 57
30.604818 1329704490.820736 16 -5 57
30.604818 1329704490.828819 16 -4 57
30.645958 1329704490.837142 15 -4 58
30.645958 1329704490.845330 15 -3 59
30.697778 1329704490.853877 14 -2 59
30.697778 1329704490.866200 12 -2 61
30.729066 1329704490.870428 11 -1 62
30.729066 1329704490.878580 10 -1 64
30.767398 1329704490.887157 9 -1 66
30.767398 1329704490.895716 9 -1 69
30.811670 1329704490.913910 9 -2 72
30.811670 1329704490.920722 9 -3 76
30.844887 1329704490.928702 9 -5 79
30.844887 1329704490.936926 9 -7 83
30.886363 1329704490.945555 8 -9 87
30.886363 1329704490.954044 8 -12 92
30.928098 1329704490.962218 7 -14 96
30.928098 1329704490.970362 5 -16 101
30.969636 1329704490.978805 3 -18 105
30.969636 1329704490.986957 2 -19 109
31.004693 1329704490.995477 0 -21 112
31.004693 1329704491.006053 0 -22 114
31.044077 1329704491.020595 -1 -23 116
31.044077 1329704491.055077 -1 -23 117
31.086928 1329704491.065868 -1 -23 118
31.086928 1329704491.071318 -1 -23 118
31.130359 1329704491.079315 0 -23 118
31.130359 1329704491.087455 1 -22 117
31.177865 1329704491.095893 2 -21 116
31.177865 1329704491.116835 3 -20 115
31.216111 1329704491.120339 5 -19 113
31.216111 1329704491.128984 6 -17 110
31.244405 1329704491.137429 8 -15 107
31.244405 1329704491.146234 10 -13 104
31.285844 1329704491.154141 11 -11 100
31.285844 1329704491.162633 12 -8 95
31.330867 1329704491.170506 14 -5 90
31.330867 1329704491.178695 15 -2 85
31.370013 1329704491.187402 16 0 79
31.370013 1329704491.195517 17 4 72
31.414321 1329704491.204011 18 8 66
31.414321 1329704491.220357 19 11 59
31.445115 1329704491.225099 19 15 53
31.445115 1329704491.228398 18 17 46
31.486893 1329704491.237511 17 19 38
31.486893 1329704491.245554 16 20 31
31.528822 1329704491.253940 14 21 23
31.528822 1329704491.262212 12 22 15
31.564919 1329704491.270436 9 22 7
31.564919 1329704491.278728 6 22 0
31.612112 1329704491.287324 3 21 -6
31.612112 1329704491.295545 1 20 -13
31.645528 1329704491.304169 0 18 -19
31.645528 1329704491.324666 -1 16 -25
31.686742 1329704491.328769 -2 14 -30
31.686742 1329704491.336903 -3 12 -35
31.727470 1329704491.345626 -3 9 -39
31.727470 1329704491.353980 -2 7 -42
31.770270 1329704491.362118 -2 5 -45
31.770270 1329704491.379823 -2 3 -48
31.805967 1329704491.412271 -2 1 -50
31.805967 1329704491.424860 -2 0 -52
31.844632 1329704491.430762 -1 0 -53
31.844632 1329704491.437410 -1 0 -55
31.886454 1329704491.445449 -1 -1 -55
31.886454 1329704491.454021 0 -1 -56
31.927810 1329704491.462537 0 -1 -56
31.927810 1329704491.469922 0 -2 -56
31.969637 1329704491.478491 1 -2 -56
31.969637 1329704491.487548 2 -1 -55
32.025911 1329704491.495137 2 -1 -54
32.025911 1329704491.503837 2 0 -52
32.044528 1329704491.511822 2 0 -51
32.044528 1329704491.520292 2 0 -49
32.086212 1329704491.528756 3 1 -47
32.086212 1329704491.537156 3 2 -45
32.127629 1329704491.545651 4 3 -42
32.127629 1329704491.553511 5 4 -38
32.167476 1329704491.561711 5 5 -35
32.167476 1329704491.571397 6 6 -32
32.211227 1329704491.578624 7 7 -28
32.211227 1329704491.587404 8 8 -24
32.244519 1329704491.595385 8 8 -20
32.244519 1329704491.603756 9 9 -16
32.287473 1329704491.614028 10 9 -12
32.287473 1329704491.628772 11 9 -8
32.327770 1329704491.642101 12 9 -4
32.327770 1329704491.647205 13 9 0
32.369434 1329704491.653476 13 9 3
32.369434 1329704491.661843 14 9 7
32.411080 1329704491.669903 15 9 11
32.411080 1329704491.681103 15 8 15
32.457958 1329704491.687039 15 7 19
32.457958 1329704491.694978 15 7 22
32.486091 1329704491.703731 15 6 25
32.486091 1329704491.711798 15 6 28
32.527591 1329704491.719925 16 5 31
32.527591 1329704491.749286 16 5 34
32.569512 1329704491.753425 16 4 37
32.569512 1329704491.761896 16 3 39
32.611101 1329704491.770150 16 3 41
32.611101 1329704491.778618 16 2 43
32.644483 1329704491.786010 17 1 45
32.644483 1329704491.794687 17 0 46
32.686129 1329704491.803168 17 0 47
32.686129 1329704491.811454 17 -1 49
32.733660 1329704491.819909 17 -2 50
32.733660 1329704491.828271 18 -3 52
32.769088 1329704491.838293 18 -4 53
32.769088 1329704491.844420 18 -5 55
32.804229 1329704491.854358 19 -6 56
32.804229 1329704491.861180 19 -7 58
32.844902 1329704491.870679 19 -8 59
32.844902 1329704491.879967 19 -9 60
32.885106 1329704491.905339 19 -10 61
32.885106 1329704491.928912 19 -10 62
32.927262 1329704491.940709 19 -10 62
32.927262 1329704491.945947 19 -11 63
32.968446 1329704491.952825 19 -11 63
32.968446 1329704491.961066 19 -11 63
33.010231 1329704491.968928 18 -11 63
33.010231 1329704491.977650 18 -11 64
33.053453 1329704491.985937 18 -11 64
33.053453 1329704491.993976 17 -11 64
33.086545 1329704492.002673 17 -11 64
33.086545 1329704492.010627 17 -10 64
33.126942 1329704492.018629 17 -10 63
33.126942 1329704492.037307 17 -10 63
33.172047 1329704492.043348 17 -9 63
33.172047 1329704492.052079 17 -9 63
33.209929 1329704492.060336 17 -9 63
33.209929 1329704492.068774 17 -8 62
33.251765 1329704492.076533 17 -8 62
33.251765 1329704492.093225 16 -7 62
33.287207 1329704492.106219 16 -7 62
33.287207 1329704492.110269 16 -7 61
33.326487 1329704492.118586 15 -6 61
33.326487 1329704492.127080 15 -6 60
33.368139 1329704492.134941 15 -5 60
33.368139 1329704492.143155 14 -5 60
33.410318 1329704492.152535 14 -5 59
33.410318 1329704492.159995 14 -5 59
33.444086 1329704492.168341 14 -4 58
33.444086 1329704492.176749 14 -4 58
33.485223 1329704492.185004 13 -4 58
33.485223 1329704492.193396 13 -4 58
33.531899 1329704492.208898 13 -4 57
33.531899 1329704492.211007 13 -4 57
33.568140 1329704492.218289 12 -4 57
33.568140 1329704492.227351 12 -4 56
33.610647 1329704492.234932 11 -3 56
33.610647 1329704492.243357 11 -3 56
33.647815 1329704492.256877 11 -3 55
33.647815 1329704492.259771 11 -3 55
33.686810 1329704492.268050 11 -3 55
33.686810 1329704492.276471 11 -3 55
33.726558 1329704492.284579 11 -3 54
33.726558 1329704492.296884 11 -3 54
33.768023 1329704492.302854 11 -3 54
33.768023 1329704492.315892 11 -2 54
33.804717 1329704492.317931 11 -2 53
33.804717 1329704492.326165 11 -2 53
33.852112 1329704492.334501 11 -2 53
33.852112 1329704492.364845 11 -2 53
33.884275 1329704492.375977 11 -2 52
33.884275 1329704492.377812 11 -2 52
33.926195 1329704492.384814 11 -1 52
33.926195 1329704492.392972 11 -1 52
33.980721 1329704492.400960 11 -1 52
33.980721 1329704492.420807 11 -1 51
34.009242 1329704492.434092 11 -1 51
34.009242 1329704492.435850 12 -1 51
34.050909 1329704492.443193 12 -1 51
34.050909 1329704492.451913 12 -1 51
34.084191 1329704492.459272 12 -1 50
34.084191 1329704492.468184 12 -1 50
34.133030 1329704492.476150 12 -1 50
34.133030 1329704492.484682 12 -1 50
34.167664 1329704492.493016 12 -1 49
34.167664 1329704492.501227 12 -1 49
34.210926 1329704492.509201 12 -1 49
34.210926 1329704492.518301 12 -1 48
34.251116 1329704492.526106 11 -1 48
34.251116 1329704492.534505 11 -1 47
34.292207 1329704492.543112 10 0 48
34.292207 1329704492.551462 9 0 49
34.325290 1329704492.559384 7 0 51
34.325290 1329704492.567856 6 0 54
34.367064 1329704492.576356 4 0 57
34.367064 1329704492.584945 3 0 61
34.408543 1329704492.593219 2 0 65
34.408543 1329704492.601718 2 -2 71
34.454978 1329704492.609742 2 -3 76
34.454978 1329704492.618438 3 -6 82
34.491217 1329704492.626715 4 -8 87
34.491217 1329704492.635753 4 -11 92
34.528353 1329704492.643466 5 -13 97
34.528353 1329704492.652284 4 -15 102
34.566148 1329704492.660106 4 -17 106
34.566148 1329704492.668650 4 -18 110
34.607657 1329704492.683192 3 -19 113
34.607657 1329704492.685878 2 -19 116
34.650687 1329704492.693953 2 -20 117
34.650687 1329704492.702530 1 -20 118
34.688023 1329704492.710749 1 -20 118
34.688023 1329704492.718860 0 -20 117
34.743186 1329704492.727535 1 -20 115
34.743186 1329704492.737901 1 -19 113
34.766144 1329704492.743879 2 -18 110
34.766144 1329704492.752447 3 -17 106
34.807465 1329704492.760789 5 -16 100
34.807465 1329704492.769132 6 -14 94
34.850545 1329704492.777507 8 -12 87
34.850545 1329704492.790825 10 -10 80
34.892058 1329704492.793672 11 -9 73
34.892058 1329704492.802236 12 -6 66
34.925727 1329704492.810313 13 -4 60
34.925727 1329704492.818810 13 -1 53
34.966829 1329704492.827173 13 1 46
34.966829 1329704492.835735 13 3 39
35.014434 1329704492.854668 12 5 32
35.014434 1329704492.860585 11 7 25
35.050523 1329704492.868902 9 9 18
35.050523 1329704492.877200 7 9 11
35.092819 1329704492.885740 4 10 4
35.092819 1329704492.893785 1 10 -2
35.127240 1329704492.909426 0 10 -10
35.127240 1329704492.921491 -2 10 -16
35.173679 1329704492.928746 -3 9 -22
35.173679 1329704492.941578 -3 8 -27
35.208483 1329704492.944422 -3 8 -32
35.208483 1329704492.951972 -3 7 -35
35.250416 1329704492.960448 -2 7 -38
35.250416 1329704492.968266 -1 7 -40
35.283679 1329704492.976443 0 8 -42
35.283679 1329704492.984949 0 8 -42
35.325942 1329704492.993361 1 8 -43
35.325942 1329704493.001467 2 8 -43
35.366601 1329704493.010126 3 8 -43
35.366601 1329704493.023231 3 8 -42
35.408521 1329704493.026802 4 8 -41
35.408521 1329704493.035225 4 8 -40
35.453088 1329704493.043620 4 8 -39
35.453088 1329704493.051995 5 8 -37
35.491260 1329704493.072517 5 9 -34
35.491260 1329704493.077683 6 9 -32
35.533411 1329704493.084812 6 9 -29
35.533411 1329704493.094556 7 10 -25
35.567623 1329704493.101947 8 10 -21
35.567623 1329704493.109989 9 10 -17
35.603952 1329704493.118669 10 10 -13
35.603952 1329704493.127139 11 10 -8
35.656470 1329704493.134843 12 10 -3
35.656470 1329704493.143279 13 9 1
35.692537 1329704493.152029 14 8 6
35.692537 1329704493.159913 15 7 11
35.725415 1329704493.171714 16 6 17
35.725415 1329704493.176725 16 5 22
35.766398 1329704493.184751 17 4 27
35.766398 1329704493.193310 17 2 32
35.806858 1329704493.202012 17 1 36
35.806858 1329704493.210004 18 0 40
35.844907 1329704493.219312 18 -1 44
35.844907 1329704493.226896 17 -3 47
35.886230 1329704493.234661 17 -4 50
35.886230 1329704493.243257 17 -5 53
35.924850 1329704493.251704 16 -6 55
35.924850 1329704493.259827 15 -6 57
35.966762 1329704493.270583 15 -7 58
35.966762 1329704493.282860 14 -7 60
36.007613 1329704493.296111 14 -7 61
36.007613 1329704493.319434 13 -7 62
36.065842 1329704493.332171 13 -8 63
36.065842 1329704493.335758 12 -8 63
36.091638 1329704493.343222 12 -8 64
36.091638 1329704493.351831 12 -8 65
36.124869 1329704493.359569 13 -8 66
36.124869 1329704493.368041 13 -9 66
36.166508 1329704493.376753 13 -9 67
36.166508 1329704493.384863 14 -9 67
36.207971 1329704493.393333 14 -9 68
36.207971 1329704493.401559 14 -9 68
36.249087 1329704493.414306 14 -9 68
36.249087 1329704493.417887 14 -9 68
36.291210 1329704493.426508 14 -9 68
36.291210 1329704493.434682 14 -9 68
36.342719 1329704493.443139 13 -8 68
36.342719 1329704493.451759 13 -8 68
36.367448 1329704493.467100 13 -8 68
36.367448 1329704493.469735 13 -8 68
36.413879 1329704493.476728 13 -8 68
36.413879 1329704493.484616 13 -8 68
36.446248 1329704493.493149 13 -8 68
36.446248 1329704493.501366 13 -8 68
36.491225 1329704493.509268 13 -8 68
36.491225 1329704493.518102 12 -8 68
36.531188 1329704493.533091 12 -8 67
36.531188 1329704493.547700 11 -8 67
36.565841 1329704493.571378 11 -8 67
36.565841 1329704493.586023 11 -7 67
36.607746 1329704493.593197 10 -7 67
36.607746 1329704493.601353 10 -7 67
36.649111 1329704493.610457 10 -7 66
36.649111 1329704493.618407 10 -7 66
36.690887 1329704493.626876 11 -7 66
36.690887 1329704493.634991 11 -7 66
36.724735 1329704493.642950 12 -8 66
36.724735 1329704493.651434 13 -8 66
36.765639 1329704493.660138 14 -8 66
36.765639 1329704493.672956 14 -8 67
36.807473 1329704493.676603 14 -8 67
36.807473 1329704493.685072 15 -8 68
36.848968 1329704493.693150 14 -9 69
36.848968 1329704493.701340 14 -9 71
36.885032 1329704493.710014 13 -9 73
36.885032 1329704493.718265 12 -10 76
36.931345 1329704493.726288 11 -11 80
36.931345 1329704493.734995 10 -11 84
36.965178 1329704493.742688 8 -12 88
36.965178 1329704493.751322 6 -12 92
37.006134 1329704493.759869 4 -12 97
37.006134 1329704493.770285 3 -12 102
37.047945 1329704493.776444 1 -11 107
37.047945 1329704493.785197 0 -11 112
37.088759 1329704493.792561 0 -10 116
37.088759 1329704493.801166 -1 -9 121
37.130654 1329704493.814866 -2 -8 124
37.130654 1329704493.817868 -3 -7 128
37.164087 1329704493.826438 -4 -6 131
37.164087 1329704493.834923 -6 -5 134
37.205749 1329704493.842843 -7 -4 136
37.205749 1329704493.851311 -8 -4 139
37.249671 1329704493.859987 -9 -3 140
37.249671 1329704493.868273 -10 -3 142
37.288262 1329704493.876715 -10 -3 143
37.288262 1329704493.884911 -10 -3 144
37.330431 1329704493.893566 -10 -3 145
37.330431 1329704493.901477 -9 -4 146
37.371812 1329704493.910566 -9 -4 146
37.371812 1329704493.924166 -8 -4 146
37.405412 1329704493.927534 -8 -4 146
37.405412 1329704493.934855 -8 -5 145
37.447249 1329704493.942903 -8 -4 144
37.447249 1329704493.951315 -8 -4 142
37.489352 1329704493.959788 -8 -4 140
37.489352 1329704493.968355 -9 -4 137
37.530114 1329704493.976221 -9 -4 134
37.530114 1329704493.984740 -9 -3 131
37.563905 1329704493.992346 -8 -3 128
37.563905 1329704494.000369 -7 -3 124
37.608946 1329704494.009143 -6 -2 120
37.608946 1329704494.017518 -4 -2 116
37.655434 1329704494.037619 -3 -1 111
37.655434 1329704494.042523 -2 -1 106
37.689070 1329704494.051120 -1 0 101
37.689070 1329704494.058872 0 0 96
37.731657 1329704494.067497 1 0 90
37.731657 1329704494.078534 2 1 84
37.764940 1329704494.084296 3 1 78
37.764940 1329704494.092194 3 3 72
37.814417 1329704494.100596 3 4 65
37.814417 1329704494.108718 3 5 58
37.848022 1329704494.117179 2 7 51
37.848022 1329704494.125715 1 8 45
37.889372 1329704494.134156 0 9 38
37.889372 1329704494.142357 0 10 31
37.934989 1329704494.150573 -1 11 24
37.934989 1329704494.158795 -1 11 17
37.965857 1329704494.167265 -1 11 11
37.965857 1329704494.175682 0 11 5
38.006061 1329704494.188554 0 11 0
38.006061 1329704494.194174 1 10 -5
38.044994 1329704494.200532 2 9 -10
38.044994 1329704494.208570 3 8 -15
38.091892 1329704494.217224 4 7 -18
38.091892 1329704494.225415 5 6 -21
38.130655 1329704494.234586 6 5 -23
38.130655 1329704494.242147 6 4 -25
38.167412 1329704494.250707 7 3 -26
38.167412 1329704494.259032 7 2 -27
38.205681 1329704494.267533 7 1 -28
38.205681 1329704494.275672 7 0 -28
38.258029 1329704494.284621 8 0 -27
38.258029 1329704494.292190 8 0 -26
38.288325 1329704494.302178 8 -1 -25
38.288325 1329704494.308790 9 -2 -23
38.330337 1329704494.318527 10 -3 -21
38.330337 1329704494.325122 11 -3 -18
38.363837 1329704494.334020 12 -4 -15
38.363837 1329704494.342370 13 -5 -12
38.422537 1329704494.350001 13 -5 -9
38.422537 1329704494.358959 14 -5 -6
38.447347 1329704494.366947 14 -5 -2
38.447347 1329704494.375240 14 -6 1
38.488880 1329704494.383804 14 -6 4
38.488880 1329704494.392249 13 -6 8
38.537819 1329704494.399834 12 -6 12
38.537819 1329704494.408817 11 -6 16
38.564560 1329704494.417028 11 -6 20
38.564560 1329704494.425495 10 -6 23
38.605067 1329704494.433684 9 -6 27
38.605067 1329704494.442363 9 -6 30
38.646616 1329704494.450163 8 -5 33
38.646616 1329704494.458521 7 -5 37
38.688713 1329704494.466837 7 -5 40
38.688713 1329704494.475448 6 -5 43
38.731207 1329704494.483772 6 -4 45
38.731207 1329704494.496593 6 -4 48
38.764841 1329704494.500001 6 -4 50
38.764841 1329704494.508785 6 -4 52
38.805346 1329704494.517068 6 -4 54
38.805346 1329704494.525447 7 -4 56
38.846971 1329704494.533587 7 -4 57
38.846971 1329704494.547787 8 -4 58
38.888800 1329704494.552299 8 -4 60
38.888800 1329704494.573689 9 -4 61
38.930152 1329704494.576363 9 -4 62
38.930152 1329704494.583679 10 -5 63
38.963817 1329704494.592014 10 -5 63
38.963817 1329704494.600335 10 -5 63
39.005062 1329704494.608261 10 -5 64
39.005062 1329704494.616829 9 -4 64
39.046975 1329704494.625267 9 -4 64
39.046975 1329704494.633378 9 -4 64
39.088645 1329704494.641991 9 -3 64
39.088645 1329704494.650362 9 -3 63
39.130042 1329704494.658705 9 -3 63
39.130042 1329704494.666723 9 -2 63
39.172693 1329704494.675455 9 -2 63
39.172693 1329704494.683479 9 -2 63
39.205149 1329704494.692395 8 -1 63
39.205149 1329704494.700293 8 -1 63
39.246785 1329704494.711148 8 0 63
39.246785 1329704494.716688 8 0 63
39.288074 1329704494.725141 7 0 63
39.288074 1329704494.733406 7 0 63
39.329984 1329704494.741890 7 0 63
39.329984 1329704494.750251 8 0 63
39.371125 1329704494.759543 8 0 63
39.371125 1329704494.766415 8 0 63
39.418942 1329704494.775198 9 0 63
39.418942 1329704494.783630 9 0 64
39.446821 1329704494.791513 9 1 64
39.446821 1329704494.800254 9 1 64
39.488234 1329704494.808009 9 1 64
39.488234 1329704494.816327 9 1 64
39.537923 1329704494.825171 9 1 64
39.537923 1329704494.833299 9 1 64
39.564194 1329704494.841740 9 1 64
39.564194 1329704494.850545 9 1 64
39.604468 1329704494.868879 9 1 64
39.604468 1329704494.874839 9 1 64
39.651434 1329704494.883098 9 1 64
39.651434 1329704494.891849 9 1 64
39.688062 1329704494.900099 10 1 64
39.688062 1329704494.910300 10 1 64
39.729609 1329704494.926759 10 1 63
39.729609 1329704494.948075 10 1 63
39.765271 1329704494.950626 10 1 63
39.765271 1329704494.958247 9 1 63
39.804735 1329704494.966514 9 2 63
39.804735 1329704494.975332 9 2 63
39.846234 1329704494.983299 9 2 63
39.846234 1329704494.998456 9 2 63
39.888021 1329704495.000874 9 2 63
39.888021 1329704495.008138 9 2 62
39.929421 1329704495.016421 9 2 62
39.929421 1329704495.025062 10 3 62
39.972065 1329704495.033171 10 3 61
39.972065 1329704495.041714 10 2 61
40.005473 1329704495.060279 11 2 61
40.005473 1329704495.077513 11 2 61
40.045694 1329704495.089320 11 2 61
40.045694 1329704495.092045 12 2 62
40.096597 1329704495.107493 12 1 62
40.096597 1329704495.110564 13 0 63
40.126640 1329704495.116136 13 0 63
40.126640 1329704495.124612 14 0 65
40.171423 1329704495.139403 15 -1 66
40.171423 1329704495.141413 15 -2 68
40.204294 1329704495.150209 15 -4 71
40.204294 1329704495.157826 15 -5 74
40.245348 1329704495.166199 14 -6 78
40.245348 1329704495.174634 12 -8 82
40.289615 1329704495.183065 10 -9 86
40.289615 1329704495.191351 8 -11 90
40.323863 1329704495.199674 6 -11 95
40.323863 1329704495.208099 4 -12 100
40.369001 1329704495.223540 3 -11 105
40.369001 1329704495.236561 2 -11 110
40.410952 1329704495.241573 0 -10 114
40.410952 1329704495.249828 -1 -10 117
40.444715 1329704495.258275 -2 -9 120
40.444715 1329704495.266344 -4 -8 122
40.485171 1329704495.274151 -6 -7 124
40.485171 1329704495.282878 -7 -6 125
40.527520 1329704495.291312 -8 -5 126
40.527520 1329704495.299484 -9 -5 126
40.568567 1329704495.307993 -9 -4 127
40.568567 1329704495.316523 -9 -3 127
40.610434 1329704495.324046 -8 -3 127
40.610434 1329704495.337915 -8 -3 128
40.645531 1329704495.340977 -7 -3 128
40.645531 1329704495.349659 -6 -3 127
40.685959 1329704495.361581 -5 -3 127
40.685959 1329704495.366191 -5 -3 126
40.727046 1329704495.374350 -4 -3 124
40.727046 1329704495.390306 -3 -3 123
40.768164 1329704495.393363 -1 -3 120
40.768164 1329704495.399296 0 -2 118
40.810585 1329704495.407928 0 -2 115
40.810585 1329704495.416304 1 -1 111
40.845641 1329704495.424334 2 -1 107
40.845641 1329704495.432550 3 0 102
40.886543 1329704495.442420 5 0 97
40.886543 1329704495.449291 6 1 91
40.927957 1329704495.457848 7 2 85
40.927957 1329704495.466098 8 3 79
40.968943 1329704495.473888 9 5 72
40.968943 1329704495.482629 10 6 65
41.011425 1329704495.490984 10 8 58
41.011425 1329704495.499569 9 9 51
41.045100 1329704495.507909 7 11 44
41.045100 1329704495.516354 6 13 37
41.086456 1329704495.523911 4 14 29
41.086456 1329704495.532535 2 16 22
41.127833 1329704495.541089 0 16 15
41.127833 1329704495.552215 -2 17 9
41.169745 1329704495.566900 -3 17 3
41.169745 1329704495.579125 -3 16 -1
41.203205 1329704495.584075 -2 16 -6
41.203205 1329704495.590953 -1 15 -10
41.244843 1329704495.599335 0 14 -14
41.244843 1329704495.612277 0 13 -17
41.286140 1329704495.627851 0 12 -20
41.286140 1329704495.649869 1 10 -23
41.327574 1329704495.657422 1 10 -25
41.327574 1329704495.665794 0 9 -27
41.369131 1329704495.674246 0 8 -28
41.369131 1329704495.682420 0 8 -30
41.407983 1329704495.691350 0 8 -30
41.407983 1329704495.699189 0 7 -31
41.450628 1329704495.707648 0 7 -31
41.450628 1329704495.715540 0 7 -31
41.486019 1329704495.724107 0 7 -30
41.486019 1329704495.742819 1 7 -30
41.533528 1329704495.749301 1 7 -29
41.533528 1329704495.757538 2 7 -28
41.571540 1329704495.766052 2 7 -27
41.571540 1329704495.774119 2 8 -25
41.614810 1329704495.782283 2 8 -23
41.614810 1329704495.793579 3 9 -22
41.643798 1329704495.799343 3 9 -19
41.643798 1329704495.807311 3 10 -17
41.686844 1329704495.815925 3 10 -14
41.686844 1329704495.823969 4 10 -11
41.727494 1329704495.842793 4 11 -8
41.727494 1329704495.866085 5 11 -5
41.769203 1329704495.877209 6 11 -2
41.769203 1329704495.890754 7 12 1
41.808975 1329704495.898280 8 11 5
41.808975 1329704495.906571 9 11 8
41.844292 1329704495.914801 10 11 12
41.844292 1329704495.923313 11 11 16
41.885554 1329704495.931376 12 10 20
41.885554 1329704495.939307 12 10 23
41.927218 1329704495.948212 13 9 27
41.927218 1329704495.956424 13 9 31
41.968976 1329704495.964624 13 8 34
41.968976 1329704495.975093 13 8 38
42.022124 1329704495.988777 13 7 41
42.022124 1329704495.999932 12 7 44
42.043785 1329704496.006341 12 6 47
42.043785 1329704496.014659 12 6 49
42.086006 1329704496.023192 11 5 52
42.086006 1329704496.031487 11 5 54
42.132626 1329704496.046667 12 4 57
42.132626 1329704496.069460 12 4 59
42.168793 1329704496.080900 12 3 61
42.168793 1329704496.084585 13 3 63
42.210679 1329704496.089690 13 2 65
42.210679 1329704496.098022 14 2 66
42.244061 1329704496.105939 14 1 68
42.244061 1329704496.114289 14 1 69
42.287277 1329704496.126529 13 0 70
42.287277 1329704496.131374 13 0 71
42.324988 1329704496.139777 13 0 71
42.324988 1329704496.148135 12 0 72
42.369085 1329704496.156257 12 0 72
42.369085 1329704496.164331 11 0 72
42.413145 1329704496.177967 11 0 72
42.413145 1329704496.180966 11 0 73
42.452433 1329704496.189530 10 0 73
42.452433 1329704496.198064 10 1 73
42.485253 1329704496.205927 10 1 73
42.485253 1329704496.214578 9 1 73
42.552591 1329704496.235353 9 1 73
42.552591 1329704496.257901 9 1 73
42.565356 1329704496.269093 9 1 73
42.565356 1329704496.273429 9 1 73
42.609914 1329704496.280730 9 1 73
42.609914 1329704496.289611 9 1 73
42.651670 1329704496.297540 9 1 73
42.651670 1329704496.306156 9 2 73
42.684764 1329704496.325824 10 2 72
42.684764 1329704496.333123 10 2 72
42.727037 1329704496.339094 10 2 72
42.727037 1329704496.349610 10 2 72
42.768424 1329704496.356148 10 2 71
42.768424 1329704496.372340 10 2 71
42.811063 1329704496.375605 10 2 70
42.811063 1329704496.381330 10 2 70
42.852111 1329704496.389055 10 2 70
42.852111 1329704496.397739 11 2 69
42.885152 1329704496.406606 11 2 69
42.885152 1329704496.415109 12 2 69
42.923837 1329704496.435645 12 2 69
42.923837 1329704496.440128 13 2 69
42.967838 1329704496.448385 13 2 69
42.967838 1329704496.456892 14 2 69
43.009149 1329704496.464960 14 1 69
43.009149 1329704496.473560 14 1 70
43.062445 1329704496.482100 13 0 72
43.062445 1329704496.490370 12 0 74
43.083838 1329704496.498495 11 -1 77
43.083838 1329704496.507000 10 -3 80
43.125785 1329704496.515263 9 -5 85
43.125785 1329704496.523471 8 -7 89
43.171806 1329704496.532087 7 -9 94
43.171806 1329704496.540405 6 -11 99
43.208170 1329704496.548340 4 -12 104
43.208170 1329704496.557153 3 -13 109
43.249756 1329704496.565601 1 -13 113
43.249756 1329704496.573758 0 -14 117
43.291506 1329704496.588104 0 -13 121
43.291506 1329704496.590849 -1 -13 124
43.329946 1329704496.598493 -1 -12 127
43.329946 1329704496.606898 -2 -11 129
43.366016 1329704496.615544 -2 -10 131
43.366016 1329704496.623465 -2 -9 132
43.408079 1329704496.670159 -2 -8 132
43.408079 1329704496.672866 -2 -8 132
43.450034 1329704496.681338 -1 -7 131
43.450034 1329704496.689898 0 -6 130
43.491356 1329704496.698275 0 -5 127
43.491356 1329704496.708544 1 -4 124
43.525005 1329704496.720932 3 -2 120
43.525005 1329704496.732708 4 -1 115
43.566720 1329704496.739839 5 0 110
43.566720 1329704496.748518 7 2 104
43.609790 1329704496.756666 8 4 97
43.609790 1329704496.765341 8 6 90
43.650144 1329704496.773386 9 8 83
43.650144 1329704496.781947 10 9 76
43.684017 1329704496.789892 10 11 69
43.684017 1329704496.798431 11 13 62
43.725301 1329704496.806342 10 15 55
43.725301 1329704496.815597 9 17 47
43.767061 1329704496.823247 8 19 40
43.767061 1329704496.831689 6 20 32
43.808842 1329704496.841060 3 20 25
43.808842 1329704496.848450 1 21 18
43.850618 1329704496.856178 0 20 12
43.850618 1329704496.865196 0 20 7
43.891948 1329704496.873352 0 18 2
43.891948 1329704496.888020 0 17 0
43.923727 1329704496.890367 1 16 -4
43.923727 1329704496.898459 2 14 -6
43.966713 1329704496.906393 3 13 -9
43.966713 1329704496.915571 4 11 -10
44.007743 1329704496.923170 5 10 -12
44.007743 1329704496.931639 5 9 -13
44.049327 1329704496.951434 6 8 -14
44.049327 1329704496.956626 6 7 -14
44.091497 1329704496.964863 5 6 -14
44.091497 1329704496.973480 5 5 -14
44.124290 1329704496.981729 5 4 -13
44.124290 1329704496.999057 5 3 -12
44.166319 1329704497.006336 5 3 -11
44.166319 1329704497.015318 5 3 -10
44.208217 1329704497.023102 5 3 -8
44.208217 1329704497.031648 5 2 -6
44.249979 1329704497.039817 5 2 -4
44.249979 1329704497.047986 5 3 -1
44.291650 1329704497.056086 5 3 1
44.291650 1329704497.064642 5 3 4
44.328402 1329704497.072915 5 3 7
44.328402 1329704497.081281 5 4 11
44.379328 1329704497.089766 5 4 15
44.379328 1329704497.098207 6 4 19
44.408092 1329704497.106638 6 5 23
44.408092 1329704497.115133 6 6 27
44.449357 1329704497.123441 7 6 32
44.449357 1329704497.131823 7 6 36
44.491183 1329704497.140285 8 7 40
44.491183 1329704497.148271 9 7 45
44.524860 1329704497.164253 9 8 49
44.524860 1329704497.167418 10 8 53
44.566402 1329704497.173080 11 8 57
44.566402 1329704497.181709 11 8 62
44.608105 1329704497.189968 11 8 65
44.608105 1329704497.198356 11 7 69
44.649547 1329704497.206344 11 7 72
44.649547 1329704497.215053 11 7 75
44.683339 1329704497.222936 10 6 78
44.683339 1329704497.231690 10 6 80
44.724551 1329704497.239668 9 6 82
44.724551 1329704497.248499 9 6 84
44.766293 1329704497.268719 8 5 86
44.766293 1329704497.294150 8 5 87
44.816200 1329704497.297640 8 5 88
44.816200 1329704497.306494 8 5 89
