imu_t vicon_t roll pitch yaw
2.032415 1329704302.493088 0 0 0
2.065940 1329704302.501260 0 0 0
2.093072 1329704302.518023 0 0 0
2.093072 1329704302.526234 0 0 0
2.126553 1329704302.534216 0 0 0
2.156858 1329704302.543759 0 0 0
2.156858 1329704302.551132 0 0 0
2.181631 1329704302.560938 0 0 0
2.215216 1329704302.567952 0 0 0
2.215216 1329704302.575964 0 0 0
2.240131 1329704302.584256 0 0 0
2.274606 1329704302.592877 0 0 0
2.274606 1329704302.601099 0 0 0
2.298668 1329704302.613603 0 0 0
2.331503 1329704302.617865 0 0 0
2.331503 1329704302.625853 0 0 0
2.365047 1329704302.634276 0 0 0
2.389766 1329704302.643014 0 0 0
2.389766 1329704302.651164 0 0 0
2.424061 1329704302.659644 0 0 0
2.456902 1329704302.668003 0 0 0
2.456902 1329704302.675948 0 0 0
2.479150 1329704302.684080 0 0 0
2.515073 1329704302.692753 0 0 0
2.515073 1329704302.701076 0 0 0
2.542975 1329704302.709416 0 0 0
2.573120 1329704302.728752 0 0 0
2.573120 1329704302.734269 0 0 0
2.619530 1329704302.742422 0 0 0
2.633010 1329704302.751102 0 0 0
2.633010 1329704302.759345 0 0 0
2.660235 1329704302.767729 0 0 0
2.696629 1329704302.781595 0 0 0
2.696629 1329704302.784155 0 0 0
2.723198 1329704302.792580 0 0 0
2.759364 1329704302.801046 0 0 0
2.759364 1329704302.809990 0 0 0
2.781563 1329704302.817349 0 0 0
2.811121 1329704302.826715 0 0 0
2.811121 1329704302.833930 0 0 0
2.838763 1329704302.842193 0 0 0
2.873325 1329704302.850900 0 0 0
2.873325 1329704302.859083 0 0 0
2.906516 1329704302.867479 0 0 0
2.930991 1329704302.876773 0 0 0
2.930991 1329704302.896354 0 0 0
2.964897 1329704302.900552 0 0 0
2.990278 1329704302.909164 0 0 0
2.990278 1329704302.917481 0 0 0
3.033674 1329704302.925844 0 0 0
3.049657 1329704302.944417 0 0 0
3.049657 1329704302.960142 0 0 0
3.104828 1329704302.967181 0 0 0
3.104828 1329704302.975933 0 0 0
3.133857 1329704302.983918 0 0 0
3.133857 1329704302.992136 0 0 0
3.173712 1329704303.001044 0 0 0
3.173712 1329704303.009073 0 0 0
3.214629 1329704303.017105 0 0 0
3.214629 1329704303.025640 0 0 0
3.256301 1329704303.034073 0 0 0
3.256301 1329704303.042488 0 0 0
3.298015 1329704303.050700 0 0 0
3.298015 1329704303.059298 0 0 0
3.331213 1329704303.067236 0 0 0
3.331213 1329704303.075781 0 0 0
3.372953 1329704303.083682 0 0 0
3.372953 1329704303.092068 0 0 0
3.414304 1329704303.100568 0 0 0
3.414304 1329704303.119095 0 0 0
3.456094 1329704303.125779 0 0 0
3.456094 1329704303.134136 0 0 0
3.514956 1329704303.142184 0 0 0
3.514956 1329704303.150159 0 0 0
3.530935 1329704303.159032 0 0 0
3.530935 1329704303.171137 0 0 0
3.572684 1329704303.175640 0 0 0
3.572684 1329704303.189026 0 0 0
3.616566 1329704303.191980 0 0 0
3.616566 1329704303.200516 0 0 0
3.656050 1329704303.208676 0 0 0
3.656050 1329704303.217233 0 0 0
3.697637 1329704303.225370 0 0 0
3.697637 1329704303.233940 0 0 0
3.730703 1329704303.242109 0 0 0
3.730703 1329704303.250331 0 0 0
3.772644 1329704303.258742 0 0 0
3.772644 1329704303.274664 0 0 0
3.814360 1329704303.277953 0 0 0
3.814360 1329704303.290155 0 0 0
3.855697 1329704303.294797 0 0 0
3.855697 1329704303.300070 0 1 0
3.898237 1329704303.308684 0 1 0
3.898237 1329704303.317302 0 1 0
3.931390 1329704303.325221 0 1 0
3.931390 1329704303.333847 1 0 0
3.972625 1329704303.341982 2 0 -1
3.972625 1329704303.350351 4 0 -1
4.012416 1329704303.358836 5 0 -2
4.012416 1329704303.367257 6 0 -3
4.056034 1329704303.377176 7 0 -4
4.056034 1329704303.383804 7 0 -5
4.097348 1329704303.391611 7 0 -6
4.097348 1329704303.400210 6 0 -8
4.155767 1329704303.408649 6 0 -9
4.155767 1329704303.417138 5 1 -11
4.172596 1329704303.430331 5 1 -13
4.172596 1329704303.435988 5 2 -15
4.213679 1329704303.450414 5 3 -16
4.213679 1329704303.471414 5 3 -18
4.255190 1329704303.475249 6 3 -21
4.255190 1329704303.483709 7 4 -23
4.280812 1329704303.491908 8 4 -25
4.320160 1329704303.500155 9 4 -28
4.320160 1329704303.508691 9 4 -30
4.357398 1329704303.516787 10 4 -33
4.357398 1329704303.525255 10 4 -35
4.407600 1329704303.533812 10 4 -38
4.407600 1329704303.542310 10 5 -40
4.434564 1329704303.549989 9 5 -43
4.434564 1329704303.558629 8 5 -45
4.472264 1329704303.566900 7 6 -47
4.472264 1329704303.575241 7 6 -48
4.514086 1329704303.583525 6 6 -49
4.514086 1329704303.591912 5 6 -50
4.555617 1329704303.600229 5 5 -51
4.555617 1329704303.618570 5 5 -52
4.597110 1329704303.625199 4 4 -54
4.597110 1329704303.633653 4 3 -55
4.630491 1329704303.642145 3 2 -57
4.630491 1329704303.650483 3 1 -59
4.671816 1329704303.658090 2 1 -60
4.671816 1329704303.666627 1 0 -62
4.713692 1329704303.675377 0 0 -64
4.713692 1329704303.683524 0 0 -66
4.755825 1329704303.691661 -1 -1 -68
4.755825 1329704303.700204 -2 -1 -69
4.798120 1329704303.708106 -2 -2 -71
4.798120 1329704303.716336 -3 -3 -73
4.831480 1329704303.735671 -4 -5 -75
4.831480 1329704303.742271 -4 -6 -77
4.872810 1329704303.749974 -5 -7 -79
4.872810 1329704303.758399 -6 -8 -80
4.914388 1329704303.766589 -6 -9 -82
4.914388 1329704303.774547 -6 -10 -84
4.957267 1329704303.789544 -6 -10 -85
4.957267 1329704303.794551 -6 -11 -87
5.004257 1329704303.807192 -7 -12 -88
5.004257 1329704303.821610 -7 -12 -90
5.031353 1329704303.835377 -7 -13 -92
5.031353 1329704303.841125 -7 -14 -93
5.072560 1329704303.853662 -6 -14 -95
5.072560 1329704303.858317 -6 -14 -97
5.114153 1329704303.866387 -6 -14 -98
5.114153 1329704303.875119 -5 -14 -99
5.155409 1329704303.883041 -5 -14 -100
5.155409 1329704303.890923 -5 -13 -100
5.202656 1329704303.903213 -5 -12 -100
5.202656 1329704303.908441 -5 -12 -100
5.230372 1329704303.916383 -5 -10 -99
5.230372 1329704303.925024 -5 -9 -97
5.272917 1329704303.933142 -4 -7 -95
5.272917 1329704303.940820 -3 -6 -92
5.314225 1329704303.950041 -2 -4 -88
5.314225 1329704303.958262 0 -2 -84
5.355390 1329704303.966297 0 0 -79
5.355390 1329704303.974789 1 1 -73
5.396481 1329704303.983059 2 3 -67
5.396481 1329704303.990864 4 5 -60
5.438520 1329704304.000684 6 6 -53
5.438520 1329704304.008288 7 8 -46
5.471061 1329704304.016961 9 9 -39
5.471061 1329704304.024790 11 9 -31
5.515977 1329704304.033212 13 10 -24
5.515977 1329704304.040674 15 9 -17
5.555287 1329704304.049908 18 8 -11
5.555287 1329704304.058235 20 7 -4
5.595562 1329704304.066461 22 6 0
5.595562 1329704304.074793 24 5 5
5.639910 1329704304.083000 26 3 10
5.639910 1329704304.090702 28 1 14
5.671762 1329704304.099909 30 0 18
5.671762 1329704304.107942 32 -1 21
5.712014 1329704304.116189 33 -3 25
5.712014 1329704304.124706 33 -5 28
5.758232 1329704304.132967 32 -6 32
5.758232 1329704304.140621 30 -7 35
5.795112 1329704304.155171 27 -8 38
5.795112 1329704304.157933 25 -9 40
5.836691 1329704304.166023 22 -9 43
5.836691 1329704304.174361 20 -9 45
5.870134 1329704304.182708 18 -10 46
5.870134 1329704304.190469 16 -10 47
5.917545 1329704304.199171 15 -10 48
5.917545 1329704304.207621 15 -10 49
5.962091 1329704304.215795 14 -10 49
5.962091 1329704304.223985 14 -10 49
5.995209 1329704304.232484 15 -10 49
5.995209 1329704304.240566 15 -10 49
6.036204 1329704304.249092 15 -10 48
6.036204 1329704304.257510 15 -9 48
6.070030 1329704304.265820 15 -9 47
6.070030 1329704304.273860 14 -8 46
6.111416 1329704304.282495 14 -7 45
6.111416 1329704304.290374 14 -6 45
6.153231 1329704304.304348 14 -6 44
6.153231 1329704304.307492 14 -5 43
6.195197 1329704304.321595 14 -4 42
6.195197 1329704304.335047 14 -3 40
6.232795 1329704304.340553 13 -2 39
6.232795 1329704304.348374 13 -1 38
6.270086 1329704304.357515 13 0 36
6.270086 1329704304.376599 13 0 34
6.311327 1329704304.381805 13 1 33
6.311327 1329704304.390423 13 1 31
6.353276 1329704304.399609 12 2 28
6.353276 1329704304.406644 12 3 26
6.391020 1329704304.415860 12 4 24
6.391020 1329704304.423721 11 5 22
6.436415 1329704304.432013 11 6 19
6.436415 1329704304.440376 10 6 17
6.478820 1329704304.448642 9 7 15
6.478820 1329704304.456762 8 7 12
6.511535 1329704304.465466 7 8 10
6.511535 1329704304.473810 6 9 7
6.552978 1329704304.481797 5 10 5
6.552978 1329704304.490381 4 11 3
6.594457 1329704304.498569 3 12 0
6.594457 1329704304.506748 3 12 -1
6.636320 1329704304.515243 2 13 -3
6.636320 1329704304.523648 2 13 -5
6.673149 1329704304.531840 1 13 -7
6.673149 1329704304.540190 0 13 -9
6.712317 1329704304.548364 0 13 -11
6.712317 1329704304.556691 0 13 -12
6.752896 1329704304.565338 -1 13 -13
6.752896 1329704304.573616 -2 13 -15
6.794913 1329704304.585020 -3 13 -16
6.794913 1329704304.592526 -4 13 -17
6.836539 1329704304.598306 -5 12 -19
6.836539 1329704304.606561 -5 12 -20
6.878536 1329704304.615007 -5 12 -21
6.878536 1329704304.626031 -5 11 -21
6.912031 1329704304.631308 -5 11 -22
6.912031 1329704304.640083 -5 10 -23
6.953078 1329704304.648195 -5 10 -24
6.953078 1329704304.656361 -5 10 -24
6.995100 1329704304.664982 -5 9 -25
6.995100 1329704304.673492 -5 9 -25
7.030276 1329704304.681135 -5 8 -26
7.030276 1329704304.689809 -5 7 -26
7.070023 1329704304.697923 -5 6 -26
7.070023 1329704304.706470 -6 5 -27
7.111624 1329704304.714717 -6 5 -27
7.111624 1329704304.723211 -6 4 -27
7.153361 1329704304.731396 -6 3 -28
7.153361 1329704304.739634 -6 2 -28
7.195288 1329704304.748026 -6 1 -28
7.195288 1329704304.756309 -6 1 -29
7.233897 1329704304.764738 -7 0 -29
7.233897 1329704304.774114 -7 0 -30
7.281375 1329704304.781054 -7 0 -30
7.281375 1329704304.789751 -7 -1 -31
7.311588 1329704304.798094 -7 -1 -31
7.311588 1329704304.806262 -6 -2 -31
7.359131 1329704304.814501 -6 -2 -31
7.359131 1329704304.825336 -6 -2 -32
7.395300 1329704304.831027 -5 -2 -32
7.395300 1329704304.839594 -4 -2 -32
7.437068 1329704304.847926 -4 -2 -32
7.437068 1329704304.856439 -3 -2 -32
7.470099 1329704304.864507 -3 -1 -32
7.470099 1329704304.872941 -3 0 -32
7.512856 1329704304.881299 -4 0 -33
7.512856 1329704304.889282 -5 1 -33
7.553488 1329704304.897823 -6 2 -34
7.553488 1329704304.906465 -6 2 -34
7.595839 1329704304.914482 -6 1 -34
7.595839 1329704304.923466 -5 0 -34
7.636289 1329704304.931254 -5 0 -34
7.636289 1329704304.939551 -5 0 -35
7.670066 1329704304.947753 -5 0 -36
7.670066 1329704304.956369 -6 -1 -38
7.711848 1329704304.964316 -6 -1 -39
7.711848 1329704304.978630 -6 -1 -41
7.760098 1329704304.992313 -6 -2 -43
7.760098 1329704305.014556 -5 -3 -45
7.795178 1329704305.025798 -5 -3 -47
7.795178 1329704305.031161 -5 -4 -50
7.836299 1329704305.042410 -5 -5 -53
7.836299 1329704305.053598 -5 -7 -56
7.881489 1329704305.056226 -6 -8 -59
7.881489 1329704305.064778 -7 -10 -62
7.911435 1329704305.072640 -7 -11 -65
7.911435 1329704305.084504 -8 -13 -68
7.953228 1329704305.093577 -9 -14 -71
7.953228 1329704305.097577 -9 -16 -74
7.995520 1329704305.119021 -10 -18 -77
7.995520 1329704305.132504 -10 -19 -80
8.036859 1329704305.134316 -10 -21 -83
8.036859 1329704305.139512 -11 -23 -85
8.070011 1329704305.147648 -11 -24 -88
8.070011 1329704305.159751 -11 -25 -90
8.112257 1329704305.182419 -11 -26 -92
8.112257 1329704305.196170 -11 -26 -94
8.153512 1329704305.200330 -11 -27 -96
8.153512 1329704305.206462 -10 -27 -98
8.194988 1329704305.214505 -10 -27 -99
8.194988 1329704305.222714 -9 -28 -99
8.236909 1329704305.237235 -9 -28 -99
8.236909 1329704305.241306 -9 -27 -99
8.270112 1329704305.247694 -9 -27 -97
8.270112 1329704305.258850 -9 -26 -95
8.311254 1329704305.264343 -10 -24 -93
8.311254 1329704305.272713 -11 -22 -90
8.353122 1329704305.281073 -11 -20 -86
8.353122 1329704305.297041 -12 -17 -82
8.394488 1329704305.298908 -12 -15 -78
8.394488 1329704305.310524 -12 -12 -73
8.435392 1329704305.314187 -11 -8 -68
8.435392 1329704305.322788 -9 -5 -63
8.476641 1329704305.338203 -8 0 -58
8.476641 1329704305.340462 -6 3 -52
8.510266 1329704305.365017 -4 6 -46
8.510266 1329704305.372821 0 10 -40
8.563780 1329704305.380514 2 13 -33
8.563780 1329704305.389487 5 15 -26
8.592267 1329704305.397682 8 16 -20
8.592267 1329704305.405962 11 16 -15
8.634977 1329704305.422375 13 16 -9
8.634977 1329704305.424724 15 16 -4
8.675837 1329704305.430435 18 15 0
8.675837 1329704305.439575 19 13 4
8.717535 1329704305.447843 21 12 8
8.717535 1329704305.455997 22 11 12
8.751006 1329704305.464371 22 10 16
8.751006 1329704305.473973 22 9 20
8.792034 1329704305.480743 21 8 24
8.792034 1329704305.489743 21 7 27
8.833770 1329704305.498018 20 6 31
8.833770 1329704305.506235 19 5 33
8.882470 1329704305.514207 19 3 36
8.882470 1329704305.533186 18 2 37
8.917431 1329704305.546499 17 1 38
8.917431 1329704305.549171 17 0 39
8.950378 1329704305.556010 17 -1 40
8.950378 1329704305.564576 17 -1 40
8.992316 1329704305.572622 17 -2 41
8.992316 1329704305.581033 17 -2 41
9.034079 1329704305.604319 17 -2 40
9.034079 1329704305.607003 16 -2 40
9.075568 1329704305.614100 15 -2 40
9.075568 1329704305.633354 15 -1 39
9.117394 1329704305.639182 15 -1 38
9.117394 1329704305.647639 14 -1 37
9.153400 1329704305.655833 14 0 37
9.153400 1329704305.673212 14 0 36
9.192052 1329704305.680744 14 1 35
9.192052 1329704305.689190 14 2 34
9.233584 1329704305.697400 14 4 32
9.233584 1329704305.705755 14 5 31
9.275705 1329704305.714079 14 6 30
9.275705 1329704305.731443 14 7 28
9.310517 1329704305.742604 14 8 26
9.310517 1329704305.747572 14 9 25
9.358362 1329704305.755722 14 10 22
9.358362 1329704305.763844 13 11 20
9.401231 1329704305.772618 12 11 18
9.401231 1329704305.780879 11 11 15
9.433181 1329704305.789048 10 11 13
9.433181 1329704305.797485 8 11 10
9.460396 1329704305.805734 6 12 8
9.491712 1329704305.813840 5 12 5
9.491712 1329704305.822493 3 12 3
9.533368 1329704305.830733 2 12 1
9.533368 1329704305.839194 0 12 0
9.575345 1329704305.847456 0 12 -3
9.575345 1329704305.855811 -1 12 -5
9.616803 1329704305.863861 -1 12 -7
9.616803 1329704305.872440 -2 12 -9
9.649993 1329704305.888668 -2 12 -11
9.649993 1329704305.890693 -2 11 -12
9.696650 1329704305.897474 -2 11 -14
9.696650 1329704305.905624 -2 11 -15
9.735336 1329704305.913822 -3 10 -17
9.735336 1329704305.922230 -3 10 -18
9.775832 1329704305.930863 -3 10 -20
9.775832 1329704305.938802 -3 9 -21
9.817293 1329704305.947225 -3 9 -23
9.817293 1329704305.955591 -4 8 -24
9.852542 1329704305.963675 -4 8 -25
9.852542 1329704305.972174 -4 8 -26
9.891910 1329704305.983947 -4 8 -26
9.891910 1329704306.014439 -5 7 -27
9.931781 1329704306.025855 -5 7 -27
9.931781 1329704306.030448 -5 6 -27
9.977905 1329704306.038862 -6 6 -28
9.977905 1329704306.047101 -6 5 -28
10.017324 1329704306.055637 -6 5 -28
10.017324 1329704306.064808 -6 5 -28
10.050773 1329704306.072178 -6 4 -29
10.050773 1329704306.080345 -6 4 -29
10.092100 1329704306.088730 -6 4 -29
10.092100 1329704306.097048 -6 4 -29
10.133817 1329704306.105998 -6 3 -30
10.133817 1329704306.116030 -5 3 -30
10.194120 1329704306.122176 -5 3 -30
10.194120 1329704306.130221 -5 4 -31
10.217711 1329704306.138639 -5 4 -31
10.217711 1329704306.146916 -4 4 -31
10.250616 1329704306.155497 -4 4 -31
10.250616 1329704306.163548 -4 3 -31
10.292088 1329704306.172034 -4 3 -31
10.292088 1329704306.180389 -4 3 -31
10.334156 1329704306.188670 -4 3 -31
10.334156 1329704306.197046 -4 3 -31
10.376114 1329704306.205611 -3 3 -31
10.376114 1329704306.213532 -3 3 -31
10.426401 1329704306.222090 -3 3 -31
10.426401 1329704306.230127 -3 3 -31
10.450805 1329704306.239011 -4 3 -31
10.450805 1329704306.246961 -4 3 -31
10.492137 1329704306.255284 -4 3 -31
10.492137 1329704306.263792 -5 3 -32
10.534177 1329704306.272150 -5 3 -32
10.534177 1329704306.280165 -6 3 -33
10.575902 1329704306.288792 -7 3 -35
10.575902 1329704306.297167 -7 3 -37
10.617387 1329704306.305298 -8 2 -39
10.617387 1329704306.313908 -8 2 -42
10.652880 1329704306.322125 -8 2 -45
10.652880 1329704306.330185 -8 2 -49
10.691814 1329704306.338916 -8 2 -53
10.691814 1329704306.346905 -8 2 -56
10.731403 1329704306.355222 -8 1 -60
10.731403 1329704306.363736 -8 0 -64
10.775143 1329704306.373549 -8 -1 -68
10.775143 1329704306.379977 -8 -2 -72
10.809227 1329704306.388797 -8 -4 -77
10.809227 1329704306.397824 -9 -6 -81
10.851641 1329704306.406078 -9 -8 -86
10.851641 1329704306.413893 -10 -10 -90
10.892354 1329704306.429106 -9 -13 -94
10.892354 1329704306.431017 -9 -15 -99
10.934198 1329704306.438719 -9 -16 -103
10.934198 1329704306.447060 -8 -18 -107
10.988276 1329704306.455215 -7 -19 -110
10.988276 1329704306.463742 -6 -20 -114
11.013144 1329704306.472060 -5 -22 -116
11.013144 1329704306.499770 -5 -23 -118
11.058573 1329704306.511930 -4 -23 -120
11.058573 1329704306.533440 -4 -24 -120
11.112300 1329704306.539016 -4 -24 -120
11.112300 1329704306.546937 -5 -24 -119
11.134935 1329704306.555486 -6 -23 -118
11.134935 1329704306.563024 -7 -23 -115
11.174986 1329704306.574777 -9 -21 -112
11.174986 1329704306.580095 -10 -19 -108
11.223403 1329704306.588155 -11 -16 -104
11.223403 1329704306.596927 -11 -13 -99
11.250073 1329704306.604773 -10 -9 -94
11.250073 1329704306.613191 -9 -5 -89
11.290864 1329704306.624308 -8 -1 -82
11.290864 1329704306.655286 -5 3 -75
11.339534 1329704306.666944 -2 6 -68
11.339534 1329704306.672082 1 10 -60
11.373696 1329704306.680061 4 12 -51
11.373696 1329704306.688194 7 14 -41
11.415939 1329704306.696778 10 15 -32
11.415939 1329704306.705742 12 15 -23
11.456683 1329704306.713277 12 14 -15
11.456683 1329704306.722096 12 13 -8
11.489904 1329704306.730153 11 11 -1
11.489904 1329704306.738282 11 9 5
11.529939 1329704306.747037 11 7 11
11.529939 1329704306.754705 11 5 18
11.572789 1329704306.763389 11 4 24
11.572789 1329704306.771921 11 2 30
11.614404 1329704306.780262 11 1 35
11.614404 1329704306.788208 10 0 40
11.651137 1329704306.796828 10 -1 45
11.651137 1329704306.804847 9 -2 50
11.689667 1329704306.819576 7 -3 54
11.689667 1329704306.822333 6 -4 57
11.731445 1329704306.830188 6 -4 61
11.731445 1329704306.838533 5 -5 63
11.773171 1329704306.847088 5 -5 65
11.773171 1329704306.856900 5 -5 67
11.814669 1329704306.869814 4 -6 68
11.814669 1329704306.883744 4 -6 69
11.854574 1329704306.907086 3 -6 70
11.854574 1329704306.919380 3 -7 70
11.906392 1329704306.934091 2 -6 70
11.906392 1329704306.956020 2 -6 70
11.953317 1329704306.963538 1 -6 69
11.953317 1329704306.971771 1 -6 69
11.972555 1329704306.980244 1 -6 68
11.972555 1329704306.988363 1 -5 68
12.011529 1329704306.996696 0 -4 67
12.011529 1329704307.004933 0 -3 65
12.058986 1329704307.013586 0 -2 64
12.058986 1329704307.032220 0 -1 62
12.110202 1329704307.038177 -1 0 61
12.110202 1329704307.046789 -1 0 59
12.130679 1329704307.055061 -2 2 57
12.130679 1329704307.063265 -2 3 55
12.172154 1329704307.071274 -2 4 52
12.172154 1329704307.082759 -2 4 50
12.214399 1329704307.088294 -2 5 47
12.214399 1329704307.096580 -2 6 45
12.256835 1329704307.105109 -2 7 42
12.256835 1329704307.113066 -1 7 39
12.290173 1329704307.121645 -1 8 36
12.290173 1329704307.130023 0 8 33
12.330461 1329704307.138282 0 8 30
12.330461 1329704307.146427 -1 9 26
12.372489 1329704307.159607 -1 9 23
12.372489 1329704307.162922 -1 9 20
12.414264 1329704307.171322 -2 9 16
12.414264 1329704307.190230 -2 9 13
12.455658 1329704307.196332 -2 9 10
12.455658 1329704307.204847 -2 8 7
12.505033 1329704307.213164 -2 8 4
12.505033 1329704307.221172 -3 7 1
12.531170 1329704307.230154 -3 7 -1
12.531170 1329704307.240226 -3 6 -4
12.572507 1329704307.246823 -3 6 -6
12.572507 1329704307.255294 -4 5 -8
12.615429 1329704307.263627 -4 5 -11
12.615429 1329704307.271994 -4 4 -13
12.655754 1329704307.280676 -5 4 -15
12.655754 1329704307.288866 -6 4 -17
12.689645 1329704307.297529 -7 4 -18
12.689645 1329704307.305844 -7 3 -20
12.731046 1329704307.313995 -8 3 -21
12.731046 1329704307.322279 -9 3 -22
12.780851 1329704307.330960 -9 3 -23
12.780851 1329704307.345421 -9 3 -24
12.810545 1329704307.348670 -9 2 -24
12.810545 1329704307.356452 -9 2 -25
12.870961 1329704307.364007 -9 2 -25
12.870961 1329704307.372331 -9 2 -26
12.893616 1329704307.380636 -8 1 -26
12.893616 1329704307.388926 -8 1 -26
12.941357 1329704307.397687 -8 1 -26
12.941357 1329704307.405783 -8 0 -26
12.972711 1329704307.413931 -8 0 -26
12.972711 1329704307.422045 -8 0 -26
13.014794 1329704307.430873 -9 0 -27
13.014794 1329704307.439258 -9 0 -27
13.051225 1329704307.447325 -9 0 -27
13.051225 1329704307.456700 -9 0 -27
13.104037 1329704307.464146 -9 0 -27
13.104037 1329704307.471986 -8 0 -27
13.131064 1329704307.480982 -8 -1 -27
13.131064 1329704307.503747 -7 -1 -27
13.173397 1329704307.507064 -6 -2 -27
13.173397 1329704307.513951 -6 -2 -26
13.214404 1329704307.522167 -5 -2 -26
13.214404 1329704307.530867 -5 -3 -26
13.255983 1329704307.539050 -5 -3 -26
13.255983 1329704307.547166 -5 -3 -26
13.297510 1329704307.555580 -5 -3 -25
13.297510 1329704307.563927 -6 -4 -25
13.330449 1329704307.572078 -6 -4 -25
13.330449 1329704307.580387 -7 -4 -24
13.372688 1329704307.588781 -7 -4 -24
13.372688 1329704307.598870 -7 -4 -24
13.414078 1329704307.605365 -6 -4 -24
13.414078 1329704307.613571 -6 -4 -23
13.466731 1329704307.621938 -6 -4 -23
13.466731 1329704307.630198 -6 -4 -23
13.497273 1329704307.638329 -6 -4 -23
13.497273 1329704307.646941 -6 -4 -23
13.544140 1329704307.654807 -6 -4 -23
13.544140 1329704307.663396 -6 -4 -22
13.572127 1329704307.671779 -6 -4 -22
13.572127 1329704307.680065 -6 -4 -22
13.613792 1329704307.688368 -7 -4 -22
13.613792 1329704307.702115 -7 -4 -22
13.655252 1329704307.705221 -6 -4 -21
13.655252 1329704307.713292 -6 -4 -21
13.697035 1329704307.721892 -5 -4 -21
13.697035 1329704307.729912 -5 -4 -21
13.730471 1329704307.738524 -4 -4 -21
13.730471 1329704307.747065 -3 -4 -22
13.779584 1329704307.755134 -3 -4 -23
13.779584 1329704307.763647 -3 -3 -24
13.813221 1329704307.772392 -3 -3 -25
13.813221 1329704307.780140 -3 -3 -26
13.855434 1329704307.788680 -4 -2 -28
13.855434 1329704307.801141 -4 -2 -29
13.890218 1329704307.805186 -5 -1 -31
13.890218 1329704307.813632 -6 -1 -33
13.933031 1329704307.821878 -7 0 -35
13.933031 1329704307.829927 -7 0 -38
13.971350 1329704307.838650 -8 0 -41
13.971350 1329704307.854827 -8 0 -43
14.015907 1329704307.862734 -8 0 -46
14.015907 1329704307.870783 -8 0 -49
14.052795 1329704307.879362 -8 0 -52
14.052795 1329704307.889514 -8 0 -56
14.098867 1329704307.895935 -8 0 -59
14.098867 1329704307.907757 -8 0 -62
14.130353 1329704307.912417 -8 -1 -66
14.130353 1329704307.920878 -9 -2 -69
14.171894 1329704307.929469 -10 -4 -73
14.171894 1329704307.937572 -11 -5 -76
14.214000 1329704307.945958 -12 -7 -80
14.214000 1329704307.954047 -12 -9 -84
14.255831 1329704307.962391 -11 -12 -88
14.255831 1329704307.970543 -11 -14 -92
14.289426 1329704307.979043 -10 -16 -96
14.289426 1329704307.986759 -10 -18 -100
14.331062 1329704307.995448 -9 -20 -104
14.331062 1329704308.003521 -8 -22 -108
14.372738 1329704308.015430 -7 -24 -112
14.372738 1329704308.019860 -6 -25 -116
14.413788 1329704308.028606 -5 -27 -120
14.413788 1329704308.036472 -4 -28 -124
14.455685 1329704308.045210 -4 -28 -127
14.455685 1329704308.054785 -3 -29 -130
14.497494 1329704308.061828 -2 -30 -131
14.497494 1329704308.069796 -2 -30 -132
14.534027 1329704308.078606 -1 -30 -132
14.534027 1329704308.086528 -1 -30 -132
14.571847 1329704308.095054 -2 -29 -131
14.571847 1329704308.103356 -3 -28 -129
14.613876 1329704308.111732 -5 -26 -127
14.613876 1329704308.119863 -6 -24 -124
14.649746 1329704308.128295 -7 -22 -120
14.649746 1329704308.139311 -7 -19 -116
14.693221 1329704308.144915 -7 -16 -111
14.693221 1329704308.155470 -7 -12 -106
14.729957 1329704308.161446 -6 -8 -101
14.729957 1329704308.171272 -6 -4 -95
14.771116 1329704308.178074 -5 0 -90
14.771116 1329704308.186330 -4 3 -83
14.813668 1329704308.194855 -2 6 -77
14.813668 1329704308.203102 -1 10 -70
14.854913 1329704308.211506 1 13 -62
14.854913 1329704308.219577 4 15 -55
14.896515 1329704308.228030 7 17 -48
14.896515 1329704308.236088 10 18 -41
14.929707 1329704308.244739 12 18 -34
14.929707 1329704308.257707 14 18 -28
14.969850 1329704308.271718 16 18 -21
14.969850 1329704308.278040 18 16 -15
15.012258 1329704308.286421 19 15 -10
15.012258 1329704308.294520 19 13 -5
15.052951 1329704308.303112 19 10 0
15.052951 1329704308.311504 18 8 3
15.089741 1329704308.328334 16 5 8
15.089741 1329704308.336206 14 3 12
15.134648 1329704308.344925 13 1 15
15.134648 1329704308.352684 12 -1 19
15.169776 1329704308.361400 11 -4 22
15.169776 1329704308.369645 11 -6 26
15.213640 1329704308.383656 11 -9 29
15.213640 1329704308.405890 11 -11 33
15.252889 1329704308.416996 11 -13 35
15.252889 1329704308.419248 11 -15 38
15.293179 1329704308.427965 11 -17 40
15.293179 1329704308.443899 10 -18 41
15.336141 1329704308.445791 10 -19 43
15.336141 1329704308.461590 9 -20 44
15.377935 1329704308.474826 8 -20 44
15.377935 1329704308.477537 7 -21 44
15.411148 1329704308.486210 6 -21 44
15.411148 1329704308.494705 6 -21 44
15.459507 1329704308.502775 5 -21 44
15.459507 1329704308.511067 5 -20 43
15.494201 1329704308.520423 5 -20 43
15.494201 1329704308.527628 5 -19 42
15.535684 1329704308.535752 6 -18 41
15.535684 1329704308.544559 6 -17 40
15.577562 1329704308.552535 6 -16 38
15.577562 1329704308.560794 6 -14 37
15.611199 1329704308.569476 6 -13 35
15.611199 1329704308.577677 6 -11 34
15.652782 1329704308.585896 6 -9 32
15.652782 1329704308.594256 6 -7 30
15.694124 1329704308.602780 6 -5 27
15.694124 1329704308.610869 5 -3 25
15.735470 1329704308.619373 5 -1 23
15.735470 1329704308.627738 5 0 20
15.770167 1329704308.636218 4 2 18
15.770167 1329704308.644495 3 4 15
15.810909 1329704308.652678 3 6 13
15.810909 1329704308.661131 2 8 10
15.852380 1329704308.669593 0 9 8
15.852380 1329704308.677836 0 10 5
15.894065 1329704308.686013 -1 12 2
15.894065 1329704308.694590 -2 13 0
15.936558 1329704308.702692 -4 14 -2
15.936558 1329704308.710915 -5 14 -6
15.969376 1329704308.719474 -6 15 -9
15.969376 1329704308.732336 -7 15 -12
16.011384 1329704308.735993 -8 15 -15
16.011384 1329704308.744562 -9 16 -18
16.052516 1329704308.752791 -9 15 -21
16.052516 1329704308.761027 -10 15 -24
16.101357 1329704308.769578 -11 15 -26
16.101357 1329704308.778561 -11 15 -29
16.136193 1329704308.785805 -12 14 -31
16.136193 1329704308.794565 -12 14 -33
16.170024 1329704308.802676 -13 13 -34
16.170024 1329704308.810855 -13 13 -35
16.211589 1329704308.819385 -13 12 -36
16.211589 1329704308.827643 -13 12 -37
16.252991 1329704308.835756 -13 11 -38
16.252991 1329704308.844444 -12 10 -39
16.294531 1329704308.852711 -12 9 -40
16.294531 1329704308.860859 -12 9 -41
16.343314 1329704308.869376 -11 8 -41
16.343314 1329704308.877470 -11 7 -42
16.369732 1329704308.890473 -10 6 -42
16.369732 1329704308.894425 -10 6 -43
16.411265 1329704308.902547 -9 5 -43
16.411265 1329704308.910759 -9 5 -43
16.452562 1329704308.919299 -8 4 -43
16.452562 1329704308.935878 -8 4 -44
16.494410 1329704308.943997 -7 3 -44
16.494410 1329704308.952953 -7 3 -44
16.536109 1329704308.960933 -6 3 -44
16.536109 1329704308.969060 -6 3 -44
16.569417 1329704308.978279 -6 2 -44
16.569417 1329704308.993235 -6 2 -44
16.617122 1329704309.006737 -6 2 -44
16.617122 1329704309.011052 -6 2 -44
16.652601 1329704309.019131 -6 2 -44
16.652601 1329704309.027842 -6 1 -44
16.694223 1329704309.035799 -6 1 -43
16.694223 1329704309.044127 -6 1 -43
16.735400 1329704309.052454 -6 1 -43
16.735400 1329704309.060874 -5 1 -43
16.777584 1329704309.069099 -5 1 -43
16.777584 1329704309.077635 -5 1 -43
16.810728 1329704309.086001 -5 1 -43
16.810728 1329704309.093988 -5 1 -43
16.852111 1329704309.103838 -5 1 -43
16.852111 1329704309.110666 -6 1 -43
16.894339 1329704309.119241 -6 1 -44
16.894339 1329704309.127504 -6 0 -44
16.935506 1329704309.135836 -6 0 -44
16.935506 1329704309.144190 -6 0 -44
16.986962 1329704309.172624 -6 0 -44
16.986962 1329704309.184444 -6 0 -44
17.010975 1329704309.198135 -6 0 -45
17.010975 1329704309.203007 -6 0 -45
17.052529 1329704309.211775 -6 0 -45
17.052529 1329704309.218936 -6 1 -45
17.093490 1329704309.228182 -7 1 -45
17.093490 1329704309.236614 -7 1 -45
17.135546 1329704309.244551 -7 1 -44
17.135546 1329704309.252519 -7 1 -44
17.177237 1329704309.260979 -6 2 -44
17.177237 1329704309.268988 -6 2 -44
17.214056 1329704309.277570 -6 2 -43
17.214056 1329704309.286071 -6 3 -43
17.252003 1329704309.294366 -6 3 -43
17.252003 1329704309.302575 -6 3 -43
17.293799 1329704309.311342 -7 4 -44
17.293799 1329704309.319274 -7 4 -45
17.335823 1329704309.328013 -8 4 -47
17.335823 1329704309.336097 -8 4 -49
17.377579 1329704309.344781 -9 4 -51
17.377579 1329704309.352725 -9 4 -53
17.421448 1329704309.361604 -10 3 -56
17.421448 1329704309.369257 -12 2 -59
17.452652 1329704309.377959 -13 1 -62
17.452652 1329704309.386293 -14 0 -66
17.494010 1329704309.394633 -16 -1 -70
17.494010 1329704309.402739 -17 -3 -73
17.535186 1329704309.411509 -17 -5 -77
17.535186 1329704309.419309 -18 -7 -81
17.575030 1329704309.427805 -18 -9 -84
17.575030 1329704309.436104 -18 -11 -88
17.610787 1329704309.444442 -18 -13 -92
17.610787 1329704309.452571 -18 -15 -95
17.652772 1329704309.461601 -17 -17 -98
17.652772 1329704309.469314 -17 -18 -100
17.694201 1329704309.485205 -18 -19 -103
17.694201 1329704309.487976 -18 -20 -105
17.731334 1329704309.494610 -19 -20 -107
17.731334 1329704309.502726 -19 -21 -109
17.769596 1329704309.511386 -19 -21 -109
17.769596 1329704309.519564 -18 -21 -109
17.811081 1329704309.529816 -18 -21 -108
17.811081 1329704309.544442 -18 -20 -107
17.852247 1329704309.565426 -18 -19 -104
17.852247 1329704309.569386 -18 -17 -102
17.893760 1329704309.577874 -19 -15 -98
17.893760 1329704309.586203 -19 -13 -94
17.943139 1329704309.594579 -19 -11 -90
17.943139 1329704309.602764 -18 -8 -85
17.979294 1329704309.611126 -17 -5 -79
17.979294 1329704309.619279 -17 -2 -73
18.009606 1329704309.627875 -16 0 -67
18.009606 1329704309.636387 -15 3 -60
18.050908 1329704309.644553 -12 6 -53
18.050908 1329704309.652838 -9 9 -46
18.101232 1329704309.661389 -5 13 -38
18.101232 1329704309.669538 -2 16 -30
18.133845 1329704309.677804 1 18 -23
18.133845 1329704309.686469 6 19 -15
18.174853 1329704309.694827 9 19 -9
18.174853 1329704309.715936 13 17 -3
18.216537 1329704309.733261 16 15 2
18.216537 1329704309.756581 19 13 7
18.250751 1329704309.780867 21 10 11
18.250751 1329704309.795806 23 7 15
18.291894 1329704309.810993 24 4 19
18.291894 1329704309.826212 25 0 22
18.334299 1329704309.858608 25 -2 24
18.334299 1329704309.871129 26 -5 27
18.374417 1329704309.878304 25 -8 29
18.374417 1329704309.886619 25 -11 31
18.416166 1329704309.894884 24 -13 32
18.416166 1329704309.902812 23 -15 34
18.449749 1329704309.911954 22 -16 35
18.449749 1329704309.919702 21 -18 36
18.491523 1329704309.928069 21 -19 36
18.491523 1329704309.936588 20 -20 36
18.532796 1329704309.945144 19 -20 36
18.532796 1329704309.952710 19 -21 36
18.574434 1329704309.961514 18 -20 35
18.574434 1329704309.969492 18 -20 35
18.609885 1329704309.987323 18 -18 34
18.609885 1329704309.994829 18 -17 33
18.670758 1329704310.003040 17 -14 32
18.670758 1329704310.011310 17 -12 31
18.691223 1329704310.019749 17 -10 29
18.691223 1329704310.027832 17 -7 28
18.729720 1329704310.041616 17 -5 27
18.729720 1329704310.045208 16 -3 25
18.774648 1329704310.052926 15 0 23
18.774648 1329704310.060907 14 1 21
18.816688 1329704310.069705 12 4 18
18.816688 1329704310.077710 11 6 16
18.849818 1329704310.095300 10 9 13
18.849818 1329704310.103245 8 11 10
18.890894 1329704310.111290 7 14 8
18.890894 1329704310.119528 5 16 5
18.947076 1329704310.128055 3 17 2
18.947076 1329704310.135832 1 19 -1
18.974536 1329704310.149780 0 20 -4
18.974536 1329704310.153050 -1 20 -7
19.016718 1329704310.161208 -3 20 -10
19.016718 1329704310.169476 -5 20 -13
19.049292 1329704310.177713 -7 20 -16
19.049292 1329704310.186264 -8 20 -19
19.096534 1329704310.194741 -9 19 -22
19.096534 1329704310.205357 -10 18 -24
19.133218 1329704310.211315 -11 17 -27
19.133218 1329704310.219512 -12 17 -29
19.174867 1329704310.227427 -12 16 -31
19.174867 1329704310.236293 -13 15 -33
19.208879 1329704310.244638 -14 13 -35
19.208879 1329704310.259520 -15 12 -37
19.258350 1329704310.263032 -15 12 -38
19.258350 1329704310.269611 -16 11 -40
19.295862 1329704310.277730 -16 10 -41
19.295862 1329704310.286137 -17 9 -43
19.340324 1329704310.294653 -17 8 -44
19.340324 1329704310.302922 -16 7 -44
19.374939 1329704310.311288 -16 7 -45
19.374939 1329704310.319450 -15 6 -46
19.417408 1329704310.327411 -15 6 -47
19.417408 1329704310.335781 -14 6 -47
19.449691 1329704310.344416 -14 5 -48
19.449691 1329704310.357494 -13 5 -48
19.499063 1329704310.380979 -13 5 -48
19.499063 1329704310.385617 -12 5 -48
19.533815 1329704310.393619 -12 5 -48
19.533815 1329704310.402278 -12 4 -48
19.575314 1329704310.410991 -12 4 -49
19.575314 1329704310.419428 -11 4 -49
19.616740 1329704310.427718 -11 4 -49
19.616740 1329704310.435748 -11 4 -49
19.657382 1329704310.444104 -11 5 -48
19.657382 1329704310.452643 -11 5 -48
19.691894 1329704310.461149 -10 5 -48
19.691894 1329704310.473981 -10 5 -48
19.733857 1329704310.477795 -10 6 -47
19.733857 1329704310.486456 -10 6 -47
19.778863 1329704310.494927 -10 6 -47
19.778863 1329704310.502762 -10 6 -47
19.810924 1329704310.511310 -10 6 -47
19.810924 1329704310.522928 -10 6 -47
19.852065 1329704310.528415 -9 6 -47
19.852065 1329704310.536263 -9 6 -46
19.891067 1329704310.544401 -8 6 -46
19.891067 1329704310.552872 -8 6 -46
19.932441 1329704310.561195 -7 6 -46
19.932441 1329704310.569501 -7 6 -46
19.989932 1329704310.578004 -7 6 -46
19.989932 1329704310.586129 -7 6 -46
20.016156 1329704310.594644 -7 6 -46
20.016156 1329704310.602829 -8 6 -46
20.049502 1329704310.611724 -8 6 -46
20.049502 1329704310.633571 -8 6 -46
20.102161 1329704310.637353 -9 7 -46
20.102161 1329704310.644372 -10 7 -46
20.133017 1329704310.653050 -10 8 -47
20.133017 1329704310.660997 -11 8 -48
20.175403 1329704310.669837 -12 9 -50
20.175403 1329704310.678185 -12 9 -52
20.212223 1329704310.686412 -13 9 -55
20.212223 1329704310.694393 -14 9 -57
20.249579 1329704310.703312 -15 8 -60
20.249579 1329704310.711283 -16 7 -63
20.291274 1329704310.719782 -18 6 -66
20.291274 1329704310.728887 -20 5 -70
20.329663 1329704310.736367 -23 3 -73
20.329663 1329704310.744394 -26 1 -76
20.379448 1329704310.753247 -28 0 -79
20.379448 1329704310.760992 -31 -3 -81
20.415482 1329704310.769648 -34 -6 -84
20.415482 1329704310.786338 -36 -9 -86
20.456070 1329704310.810741 -38 -12 -89
20.456070 1329704310.822845 -40 -15 -91
20.490666 1329704310.829263 -40 -18 -93
20.490666 1329704310.835868 -40 -21 -95
20.532774 1329704310.844090 -40 -23 -97
20.532774 1329704310.852624 -38 -25 -99
20.575412 1329704310.860553 -37 -27 -101
20.575412 1329704310.868828 -35 -28 -103
20.616224 1329704310.876960 -33 -29 -104
20.616224 1329704310.885459 -31 -30 -106
20.650039 1329704310.893975 -29 -30 -107
20.650039 1329704310.902285 -27 -29 -108
20.691543 1329704310.910064 -26 -29 -108
20.691543 1329704310.924103 -25 -28 -109
20.728906 1329704310.926686 -24 -26 -108
20.728906 1329704310.934811 -24 -24 -107
20.775561 1329704310.943165 -24 -22 -106
20.775561 1329704310.951647 -23 -20 -104
20.810758 1329704310.959673 -23 -17 -101
20.810758 1329704310.968109 -22 -13 -98
20.848817 1329704310.976156 -21 -9 -95
20.848817 1329704310.984569 -19 -5 -91
20.890349 1329704310.992974 -17 -1 -86
20.890349 1329704311.001652 -15 2 -81
20.932391 1329704311.009763 -12 7 -75
20.932391 1329704311.017756 -9 11 -69
20.973586 1329704311.026295 -6 14 -63
20.973586 1329704311.040569 -2 18 -56
21.011101 1329704311.063267 2 20 -48
21.011101 1329704311.074906 8 22 -41
21.058359 1329704311.078802 13 22 -33
21.058359 1329704311.083557 17 22 -26
21.089162 1329704311.091834 20 20 -20
21.089162 1329704311.100518 23 17 -14
21.130348 1329704311.108842 24 15 -9
21.130348 1329704311.117042 25 12 -5
21.188715 1329704311.125758 24 8 -1
21.188715 1329704311.134421 24 5 2
21.213589 1329704311.142082 24 1 6
21.213589 1329704311.150723 24 -2 10
21.255798 1329704311.158950 24 -6 13
21.255798 1329704311.167079 24 -9 16
21.296190 1329704311.175463 23 -11 19
21.296190 1329704311.183495 22 -14 22
21.330411 1329704311.191866 22 -16 24
21.330411 1329704311.200518 22 -17 26
21.371679 1329704311.208594 21 -19 28
21.371679 1329704311.217034 21 -20 30
21.413311 1329704311.225361 21 -20 31
21.413311 1329704311.233626 21 -21 31
21.455049 1329704311.241493 20 -21 32
21.455049 1329704311.250495 19 -21 31
21.497011 1329704311.259428 18 -21 31
21.497011 1329704311.266737 17 -20 30
21.530156 1329704311.275218 16 -19 29
21.530156 1329704311.283563 16 -17 28
21.571463 1329704311.291426 16 -15 27
21.571463 1329704311.300351 16 -13 25
21.624438 1329704311.310832 17 -11 24
21.624438 1329704311.333257 17 -8 22
21.654987 1329704311.335475 17 -5 20
21.654987 1329704311.341658 17 -3 18
21.697023 1329704311.349692 16 0 16
21.697023 1329704311.358884 14 2 13
21.729826 1329704311.366993 12 5 11
21.729826 1329704311.381953 10 7 8
21.771349 1329704311.384126 8 10 6
21.771349 1329704311.391618 7 12 3
21.813357 1329704311.399668 6 14 0
21.813357 1329704311.408643 5 16 -3
21.855015 1329704311.416923 5 17 -6
21.855015 1329704311.424992 4 18 -9
21.896892 1329704311.440294 3 19 -12
21.896892 1329704311.442103 3 19 -16
21.930638 1329704311.449793 1 19 -19
21.930638 1329704311.458428 0 19 -23
21.971743 1329704311.466960 -1 19 -26
21.971743 1329704311.474790 -3 19 -30
22.015348 1329704311.483448 -4 18 -33
22.015348 1329704311.491674 -5 18 -35
22.055271 1329704311.499460 -6 17 -37
22.055271 1329704311.508509 -7 16 -39
22.095683 1329704311.516771 -8 16 -41
22.095683 1329704311.524861 -9 15 -43
22.130620 1329704311.533499 -9 13 -44
22.130620 1329704311.541525 -10 13 -45
22.188119 1329704311.549494 -10 12 -46
22.188119 1329704311.558512 -11 11 -48
22.215061 1329704311.566814 -12 10 -49
22.215061 1329704311.574990 -13 9 -49
22.259650 1329704311.583358 -13 9 -50
22.259650 1329704311.591487 -13 8 -51
22.297041 1329704311.599435 -13 7 -52
22.297041 1329704311.608365 -13 7 -52
22.338334 1329704311.616875 -12 7 -52
22.338334 1329704311.624741 -12 7 -52
22.372292 1329704311.633360 -11 7 -52
22.372292 1329704311.652905 -11 7 -52
22.414474 1329704311.666327 -11 7 -52
22.414474 1329704311.675119 -10 7 -52
22.455572 1329704311.683034 -10 7 -52
22.455572 1329704311.691482 -10 7 -52
22.496726 1329704311.701955 -9 7 -51
22.496726 1329704311.722092 -9 7 -51
22.530247 1329704311.724452 -9 7 -51
22.530247 1329704311.733050 -9 7 -51
22.571823 1329704311.741388 -9 7 -51
22.571823 1329704311.749767 -9 7 -51
22.613540 1329704311.758301 -9 7 -50
22.613540 1329704311.766768 -9 7 -50
22.654995 1329704311.775103 -9 7 -50
22.654995 1329704311.783142 -8 7 -49
22.696384 1329704311.791399 -8 8 -49
22.696384 1329704311.799749 -8 8 -49
22.744596 1329704311.810035 -8 8 -49
22.744596 1329704311.821401 -8 8 -48
22.791251 1329704311.832459 -8 8 -48
22.791251 1329704311.834734 -8 8 -48
22.814656 1329704311.841555 -8 8 -48
22.814656 1329704311.849570 -8 8 -48
22.861978 1329704311.857842 -7 8 -48
22.861978 1329704311.866341 -7 8 -48
22.899382 1329704311.874246 -7 8 -48
22.899382 1329704311.900694 -7 9 -48
22.929687 1329704311.915107 -7 9 -48
22.929687 1329704311.917147 -8 9 -49
22.973085 1329704311.928351 -8 10 -49
22.973085 1329704311.932723 -9 10 -50
23.013355 1329704311.941146 -11 11 -52
23.013355 1329704311.959902 -12 11 -54
23.055238 1329704311.966458 -13 11 -55
23.055238 1329704311.974666 -14 11 -58
23.096926 1329704311.983035 -15 11 -60
23.096926 1329704311.991174 -16 11 -64
23.129907 1329704311.999449 -16 10 -67
23.129907 1329704312.008002 -16 9 -71
23.172878 1329704312.016487 -16 7 -75
23.172878 1329704312.024762 -16 6 -79
23.212641 1329704312.032899 -17 4 -83
23.212641 1329704312.041251 -17 2 -87
23.255029 1329704312.049606 -17 0 -91
23.255029 1329704312.058108 -18 -2 -96
23.297134 1329704312.066518 -19 -4 -100
23.297134 1329704312.074773 -20 -7 -104
23.330506 1329704312.082908 -21 -9 -108
23.330506 1329704312.091122 -21 -12 -112
23.379217 1329704312.099365 -21 -15 -115
23.379217 1329704312.107921 -21 -17 -119
23.414083 1329704312.116262 -20 -20 -123
23.414083 1329704312.124441 -19 -22 -126
23.455725 1329704312.132896 -18 -24 -128
23.455725 1329704312.141222 -17 -26 -131
23.497113 1329704312.149470 -17 -27 -132
23.497113 1329704312.158226 -17 -28 -134
23.542805 1329704312.166594 -17 -29 -134
23.542805 1329704312.174764 -17 -29 -134
23.581667 1329704312.183195 -18 -30 -133
23.581667 1329704312.196111 -19 -29 -132
23.613736 1329704312.199964 -19 -29 -129
23.613736 1329704312.216176 -20 -27 -127
23.655132 1329704312.228538 -21 -26 -123
23.655132 1329704312.234917 -21 -24 -119
23.697045 1329704312.241602 -21 -21 -115
23.697045 1329704312.250127 -21 -18 -111
23.729836 1329704312.258251 -21 -14 -107
23.729836 1329704312.266624 -21 -10 -103
23.771606 1329704312.275257 -20 -5 -98
23.771606 1329704312.283249 -19 0 -93
23.813075 1329704312.291451 -18 4 -88
23.813075 1329704312.300000 -16 8 -82
23.854367 1329704312.308056 -13 13 -76
23.854367 1329704312.316824 -8 16 -69
23.908132 1329704312.352031 -2 19 -62
23.908132 1329704312.359944 3 20 -55
23.931685 1329704312.366447 8 21 -47
23.931685 1329704312.374781 14 20 -40
23.969971 1329704312.383269 19 18 -33
23.969971 1329704312.391542 23 15 -27
24.010745 1329704312.407846 27 11 -21
24.010745 1329704312.431120 30 8 -16
24.053015 1329704312.454646 32 5 -11
24.053015 1329704312.477374 33 1 -6
24.094222 1329704312.491504 34 -1 -2
24.094222 1329704312.500293 34 -3 1
24.135514 1329704312.508679 34 -6 5
24.135514 1329704312.516796 33 -8 9
24.169794 1329704312.524808 32 -9 12
24.169794 1329704312.533501 31 -11 14
24.210654 1329704312.541591 29 -12 15
24.210654 1329704312.550207 28 -13 17
24.252565 1329704312.558682 28 -14 18
24.252565 1329704312.566538 27 -15 18
24.293665 1329704312.575053 27 -16 19
24.293665 1329704312.583264 27 -16 19
24.335578 1329704312.591596 27 -15 19
24.335578 1329704312.600174 26 -14 19
24.377434 1329704312.608652 26 -14 19
24.377434 1329704312.616533 25 -12 18
24.411342 1329704312.625104 24 -11 17
24.411342 1329704312.633359 24 -9 16
24.454033 1329704312.641774 23 -7 15
24.454033 1329704312.650220 22 -4 13
24.493755 1329704312.665722 21 -2 12
24.493755 1329704312.668436 19 0 9
24.535819 1329704312.693606 17 3 7
24.535819 1329704312.700151 15 6 4
24.586176 1329704312.708622 13 8 1
24.586176 1329704312.717207 11 10 -1
24.610748 1329704312.740309 9 12 -4
24.610748 1329704312.743200 7 13 -8
24.651933 1329704312.750010 7 15 -12
24.651933 1329704312.758400 6 16 -16
24.694006 1329704312.766882 5 17 -20
24.694006 1329704312.775320 5 18 -24
24.736081 1329704312.783940 4 19 -28
24.736081 1329704312.791611 2 19 -31
24.769448 1329704312.800281 1 20 -35
24.769448 1329704312.808631 0 20 -39
24.810815 1329704312.817113 -3 19 -42
24.810815 1329704312.825343 -5 19 -45
24.852702 1329704312.833645 -7 19 -48
24.852702 1329704312.850889 -8 18 -51
24.894658 1329704312.858421 -10 17 -54
24.894658 1329704312.866805 -12 16 -56
24.936958 1329704312.875520 -13 15 -58
24.936958 1329704312.883751 -14 14 -60
24.970258 1329704312.892051 -14 13 -62
24.970258 1329704312.902191 -14 11 -63
25.014256 1329704312.925921 -14 10 -64
25.014256 1329704312.933797 -14 9 -65
25.060076 1329704312.941430 -14 8 -66
25.060076 1329704312.950176 -13 7 -66
25.099413 1329704312.958833 -13 7 -67
25.099413 1329704312.967022 -12 6 -67
25.136787 1329704312.975649 -12 5 -67
25.136787 1329704312.983332 -11 5 -67
25.170018 1329704312.991653 -10 5 -67
25.170018 1329704312.999791 -10 5 -67
25.211510 1329704313.008612 -9 5 -67
25.211510 1329704313.016792 -8 5 -67
25.253282 1329704313.033590 -8 5 -67
25.253282 1329704313.042018 -8 5 -67
25.295229 1329704313.049891 -7 5 -67
25.295229 1329704313.058311 -7 6 -67
25.336581 1329704313.067008 -7 6 -66
25.336581 1329704313.075348 -7 6 -66
25.380061 1329704313.090818 -7 7 -66
25.380061 1329704313.103177 -7 7 -65
25.411072 1329704313.108626 -7 7 -65
25.411072 1329704313.116863 -7 8 -65
25.453045 1329704313.125027 -7 8 -64
25.453045 1329704313.133586 -7 9 -64
25.494191 1329704313.141877 -7 9 -64
25.494191 1329704313.152252 -8 10 -64
25.536404 1329704313.158089 -8 10 -64
25.536404 1329704313.166514 -9 11 -64
25.577734 1329704313.175495 -10 11 -65
25.577734 1329704313.183694 -11 11 -66
25.624862 1329704313.191318 -12 11 -67
25.624862 1329704313.207340 -13 11 -68
25.662937 1329704313.230926 -14 11 -69
25.662937 1329704313.242911 -16 11 -71
25.694494 1329704313.249900 -17 10 -73
25.694494 1329704313.257775 -18 10 -75
25.736045 1329704313.266057 -19 9 -78
25.736045 1329704313.274630 -20 8 -80
25.777761 1329704313.296941 -20 7 -83
25.777761 1329704313.300081 -21 6 -86
25.810625 1329704313.308628 -22 5 -90
25.810625 1329704313.316774 -23 3 -93
25.863633 1329704313.325273 -25 1 -96
25.863633 1329704313.333364 -26 -1 -99
25.894443 1329704313.351108 -27 -3 -102
25.894443 1329704313.358163 -28 -6 -105
25.943749 1329704313.366968 -29 -9 -108
25.943749 1329704313.375280 -29 -12 -111
25.969553 1329704313.383337 -29 -16 -114
25.969553 1329704313.391853 -29 -19 -116
26.011435 1329704313.406882 -30 -22 -118
26.011435 1329704313.410167 -30 -25 -121
26.053051 1329704313.417007 -30 -27 -123
26.053051 1329704313.425168 -30 -30 -126
26.094826 1329704313.433653 -30 -32 -128
26.094826 1329704313.442177 -29 -34 -130
26.140966 1329704313.463753 -29 -35 -132
26.140966 1329704313.487767 -29 -36 -133
26.169646 1329704313.512634 -28 -37 -134
26.169646 1329704313.525251 -28 -37 -134
26.210482 1329704313.533024 -28 -36 -134
26.210482 1329704313.541344 -28 -36 -133
26.252686 1329704313.557948 -28 -34 -131
26.252686 1329704313.573200 -29 -32 -129
26.296476 1329704313.588624 -29 -29 -127
26.296476 1329704313.611787 -29 -26 -124
26.336633 1329704313.626870 -29 -22 -121
26.336633 1329704313.633633 -29 -17 -118
26.368915 1329704313.641827 -29 -12 -114
26.368915 1329704313.651043 -27 -7 -109
26.412575 1329704313.658545 -25 -2 -105
26.412575 1329704313.666362 -23 2 -99
26.451633 1329704313.674607 -20 8 -94
26.451633 1329704313.683603 -16 13 -87
26.489348 1329704313.691572 -12 17 -80
26.489348 1329704313.707692 -7 21 -73
26.535825 1329704313.722910 -3 24 -65
26.535825 1329704313.725891 0 27 -57
26.575810 1329704313.732819 3 28 -48
26.575810 1329704313.741363 8 28 -39
26.608876 1329704313.749582 12 26 -31
26.608876 1329704313.764416 16 24 -24
26.650977 1329704313.785902 20 22 -18
26.650977 1329704313.790464 23 19 -12
26.691466 1329704313.798479 27 15 -7
26.691466 1329704313.807474 31 12 -2
26.733965 1329704313.816108 34 9 2
26.733965 1329704313.823702 36 6 6
26.774748 1329704313.839019 36 3 9
26.774748 1329704313.843977 35 1 13
26.813387 1329704313.849252 34 0 16
26.813387 1329704313.857683 33 -2 19
26.850020 1329704313.865265 31 -4 21
26.850020 1329704313.873320 30 -6 23
26.891758 1329704313.882455 29 -7 24
26.891758 1329704313.890367 28 -8 24
26.933135 1329704313.898972 27 -9 25
26.933135 1329704313.906651 26 -10 25
26.974412 1329704313.915387 25 -10 24
26.974412 1329704313.922910 25 -11 23
27.016437 1329704313.931798 24 -11 22
27.016437 1329704313.939803 24 -10 21
27.049722 1329704313.948551 24 -9 19
27.049722 1329704313.956191 23 -7 18
27.091512 1329704313.965227 23 -5 17
27.091512 1329704313.972672 23 -2 15
27.133446 1329704313.983049 23 0 14
27.133446 1329704313.989508 22 3 13
27.175323 1329704313.999780 20 7 12
27.175323 1329704314.006055 18 10 11
27.216143 1329704314.015647 15 13 9
27.216143 1329704314.029452 12 16 6
27.249533 1329704314.041453 9 19 4
27.249533 1329704314.047787 7 22 0
27.291587 1329704314.055657 5 24 -2
27.291587 1329704314.064102 4 27 -5
27.336155 1329704314.072365 4 28 -9
27.336155 1329704314.086456 4 29 -13
27.374883 1329704314.100372 3 30 -17
27.374883 1329704314.106151 2 30 -21
27.416740 1329704314.113920 2 30 -25
27.416740 1329704314.122717 0 29 -29
27.450508 1329704314.130671 0 28 -33
27.450508 1329704314.142142 -2 27 -37
27.491822 1329704314.150599 -4 26 -40
27.491822 1329704314.155773 -5 24 -43
27.533605 1329704314.164023 -6 23 -46
27.533605 1329704314.172682 -8 22 -48
27.575939 1329704314.180966 -9 20 -50
27.575939 1329704314.188983 -9 18 -52
27.620700 1329704314.197844 -10 17 -53
27.620700 1329704314.206075 -11 15 -55
27.650926 1329704314.214158 -11 14 -56
27.650926 1329704314.222553 -11 12 -57
27.692523 1329704314.230881 -11 11 -57
27.692523 1329704314.239080 -10 10 -58
27.734396 1329704314.247660 -10 9 -58
27.734396 1329704314.255964 -9 8 -59
27.775554 1329704314.264269 -9 7 -60
27.775554 1329704314.272611 -8 6 -60
27.812892 1329704314.280732 -8 6 -61
27.812892 1329704314.289077 -7 5 -61
27.851914 1329704314.301809 -7 5 -61
27.851914 1329704314.305801 -7 5 -62
27.898680 1329704314.314152 -7 5 -62
27.898680 1329704314.322547 -7 4 -62
27.933866 1329704314.330594 -7 4 -62
27.933866 1329704314.341951 -7 4 -63
27.975605 1329704314.354078 -7 4 -63
27.975605 1329704314.358419 -7 4 -63
28.011012 1329704314.369704 -7 5 -63
28.011012 1329704314.383679 -7 5 -63
28.050514 1329704314.405890 -6 5 -63
28.050514 1329704314.417518 -6 5 -63
28.092119 1329704314.422489 -6 5 -63
28.092119 1329704314.452664 -6 5 -63
28.134107 1329704314.455353 -6 5 -63
28.134107 1329704314.463936 -6 5 -63
28.175487 1329704314.472021 -6 5 -63
28.175487 1329704314.480584 -6 5 -63
28.213358 1329704314.488984 -6 5 -63
28.213358 1329704314.499340 -6 5 -63
28.263361 1329704314.511061 -6 5 -63
28.263361 1329704314.524859 -6 5 -63
28.313485 1329704314.547053 -6 5 -62
28.313485 1329704314.558414 -5 5 -62
28.333520 1329704314.572607 -5 5 -62
28.333520 1329704314.580376 -5 5 -62
28.375314 1329704314.609604 -5 5 -62
28.375314 1329704314.621080 -5 5 -62
28.416725 1329704314.624839 -5 5 -62
28.416725 1329704314.630232 -5 5 -62
28.449574 1329704314.638850 -5 5 -62
28.449574 1329704314.647024 -5 5 -62
28.491748 1329704314.656435 -5 5 -62
28.491748 1329704314.663737 -5 5 -62
28.533436 1329704314.671679 -5 5 -62
28.533436 1329704314.680201 -6 5 -62
28.577925 1329704314.688902 -6 5 -62
28.577925 1329704314.696659 -6 6 -62
28.617312 1329704314.705337 -5 6 -62
28.617312 1329704314.713944 -5 6 -62
28.649588 1329704314.721827 -5 6 -62
28.649588 1329704314.730407 -5 6 -62
28.691602 1329704314.739808 -5 6 -61
28.691602 1329704314.748957 -5 6 -61
28.733414 1329704314.756268 -5 6 -61
28.733414 1329704314.765442 -5 6 -61
28.774752 1329704314.787551 -5 7 -61
28.774752 1329704314.789595 -5 7 -61
28.816402 1329704314.797203 -5 7 -60
28.816402 1329704314.805065 -5 8 -60
28.849572 1329704314.813933 -6 9 -60
28.849572 1329704314.822223 -7 9 -61
28.891089 1329704314.829890 -8 10 -61
28.891089 1329704314.838355 -9 11 -62
28.933442 1329704314.847161 -11 11 -64
28.933442 1329704314.856914 -12 12 -66
28.974666 1329704314.863836 -14 12 -69
28.974666 1329704314.871995 -16 11 -72
29.025145 1329704314.879773 -18 11 -75
29.025145 1329704314.888289 -19 10 -79
29.049566 1329704314.896860 -20 9 -82
29.049566 1329704314.905098 -20 8 -86
29.091317 1329704314.913630 -21 6 -90
29.091317 1329704314.922119 -21 5 -94
29.132690 1329704314.929808 -21 3 -97
29.132690 1329704314.938343 -21 1 -101
29.174358 1329704314.947220 -22 -1 -105
29.174358 1329704314.955121 -24 -4 -108
29.216345 1329704314.963644 -25 -8 -111
29.216345 1329704314.972083 -26 -12 -114
29.250555 1329704314.979819 -26 -15 -116
29.250555 1329704315.004510 -27 -19 -119
29.291855 1329704315.006845 -26 -22 -122
29.291855 1329704315.013385 -26 -25 -125
29.333541 1329704315.022120 -25 -27 -127
29.333541 1329704315.030587 -24 -29 -129
29.376636 1329704315.038660 -23 -30 -131
29.376636 1329704315.047398 -22 -30 -132
29.409326 1329704315.055513 -22 -29 -133
29.409326 1329704315.063512 -22 -28 -133
29.449574 1329704315.072089 -22 -27 -133
29.449574 1329704315.080541 -22 -25 -132
29.491821 1329704315.088526 -21 -23 -131
29.491821 1329704315.097200 -21 -21 -129
29.533350 1329704315.114931 -20 -17 -127
29.533350 1329704315.121945 -19 -14 -124
29.574132 1329704315.130309 -19 -10 -121
29.574132 1329704315.138976 -18 -5 -117
29.610388 1329704315.146928 -16 -1 -113
29.610388 1329704315.155218 -13 3 -108
29.652621 1329704315.164112 -10 8 -103
29.652621 1329704315.172656 -7 12 -97
29.698009 1329704315.180385 -4 17 -90
29.698009 1329704315.189096 -1 21 -83
29.736391 1329704315.197125 1 25 -75
29.736391 1329704315.205500 5 27 -66
29.772715 1329704315.214024 8 29 -58
29.772715 1329704315.222208 11 29 -49
29.809574 1329704315.230590 14 29 -40
29.809574 1329704315.239137 17 27 -32
29.856960 1329704315.247725 20 25 -24
29.856960 1329704315.255906 23 23 -16
29.890659 1329704315.264248 25 20 -10
29.890659 1329704315.280375 27 17 -4
29.930471 1329704315.295313 27 14 0
29.930471 1329704315.310004 27 10 5
29.974738 1329704315.322760 27 7 9
29.974738 1329704315.346355 27 3 13
30.013869 1329704315.370453 26 0 17
30.013869 1329704315.393108 25 -2 20
30.055017 1329704315.417118 23 -5 23
30.055017 1329704315.440716 22 -7 25
30.091095 1329704315.455324 21 -9 27
30.091095 1329704315.458300 21 -11 28
30.129945 1329704315.464191 20 -12 29
30.129945 1329704315.472066 20 -13 29
30.171733 1329704315.480888 20 -14 28
30.171733 1329704315.488958 19 -15 28
30.213123 1329704315.497634 19 -15 27
30.213123 1329704315.505736 19 -15 26
30.255162 1329704315.514243 18 -14 26
30.255162 1329704315.521872 18 -14 25
30.293458 1329704315.530864 18 -13 24
30.293458 1329704315.539022 18 -11 23
30.329946 1329704315.550743 18 -9 22
30.329946 1329704315.555653 18 -7 21
30.371542 1329704315.563960 17 -4 19
30.371542 1329704315.571799 17 -1 18
30.414749 1329704315.580793 16 1 16
30.414749 1329704315.588770 15 4 14
30.455034 1329704315.603570 13 7 11
30.455034 1329704315.617744 12 10 8
30.496616 1329704315.622347 11 13 5
30.496616 1329704315.630513 10 16 2
30.529997 1329704315.639053 9 18 0
30.529997 1329704315.647325 8 21 -4
30.574125 1329704315.658225 7 23 -8
30.574125 1329704315.663826 6 24 -11
30.613120 1329704315.672916 5 26 -15
30.613120 1329704315.680245 3 26 -20
30.651316 1329704315.688957 1 27 -24
30.651316 1329704315.697105 0 27 -28
30.697474 1329704315.708438 -3 26 -33
30.697474 1329704315.713882 -6 25 -37
30.730206 1329704315.722364 -8 24 -41
30.730206 1329704315.730361 -10 23 -45
30.771809 1329704315.739004 -12 22 -48
30.771809 1329704315.746947 -13 20 -51
30.813429 1329704315.755462 -14 19 -53
30.813429 1329704315.763633 -14 17 -55
30.855304 1329704315.772132 -15 16 -57
30.855304 1329704315.780053 -15 15 -58
30.897344 1329704315.788882 -15 14 -59
30.897344 1329704315.796984 -14 12 -60
30.931002 1329704315.805263 -14 11 -61
30.931002 1329704315.813753 -14 10 -61
30.972535 1329704315.821997 -13 9 -62
30.972535 1329704315.829908 -13 8 -62
31.014376 1329704315.838758 -13 6 -63
31.014376 1329704315.846897 -12 5 -63
31.055722 1329704315.862956 -12 5 -63
31.055722 1329704315.866014 -12 4 -63
31.096684 1329704315.872128 -11 3 -63
31.096684 1329704315.879967 -11 3 -63
31.130432 1329704315.888836 -10 2 -63
31.130432 1329704315.896751 -10 2 -63
31.172779 1329704315.904852 -9 2 -63
31.172779 1329704315.913574 -9 2 -63
31.213625 1329704315.921936 -8 2 -63
31.213625 1329704315.929565 -8 2 -62
31.254969 1329704315.938618 -7 2 -62
31.254969 1329704315.946911 -7 2 -62
31.304986 1329704315.966245 -8 2 -62
31.304986 1329704315.971779 -8 2 -62
31.330041 1329704315.980253 -8 3 -62
31.330041 1329704315.988209 -8 3 -62
31.371986 1329704315.996821 -8 3 -62
31.371986 1329704316.004629 -8 3 -62
31.413666 1329704316.020244 -8 4 -61
31.413666 1329704316.043622 -7 4 -61
31.455302 1329704316.056087 -7 4 -61
31.455302 1329704316.063525 -7 4 -61
31.501266 1329704316.071649 -6 4 -61
31.501266 1329704316.079710 -6 4 -62
31.530508 1329704316.088469 -6 4 -62
31.530508 1329704316.106571 -6 4 -62
31.571382 1329704316.113303 -6 4 -62
31.571382 1329704316.121707 -6 4 -62
31.613248 1329704316.129746 -6 4 -62
31.613248 1329704316.137990 -6 4 -61
31.655382 1329704316.146847 -6 4 -61
31.655382 1329704316.154646 -6 5 -61
31.702940 1329704316.163226 -6 5 -61
31.702940 1329704316.171648 -5 5 -61
31.730939 1329704316.179997 -5 5 -61
31.730939 1329704316.187799 -5 5 -61
31.771442 1329704316.196567 -5 5 -60
31.771442 1329704316.204415 -5 5 -60
31.813511 1329704316.224791 -4 5 -60
31.813511 1329704316.229933 -4 6 -59
31.855066 1329704316.238163 -4 6 -59
31.855066 1329704316.248212 -3 7 -58
31.896761 1329704316.254541 -3 8 -57
31.896761 1329704316.263081 -2 9 -56
31.933726 1329704316.279110 -2 10 -55
31.933726 1329704316.290802 -1 12 -54
31.971382 1329704316.296585 -1 13 -53
31.971382 1329704316.304780 -2 15 -53
32.013094 1329704316.312713 -3 16 -54
32.013094 1329704316.321606 -4 18 -55
32.054829 1329704316.330077 -6 19 -56
32.054829 1329704316.344704 -7 20 -58
32.090299 1329704316.347775 -9 20 -61
32.090299 1329704316.354907 -10 21 -64
32.129988 1329704316.362892 -11 21 -67
32.129988 1329704316.371496 -12 20 -71
32.171476 1329704316.379908 -13 20 -75
32.171476 1329704316.389735 -13 19 -80
32.213291 1329704316.404674 -14 17 -85
32.213291 1329704316.419889 -16 15 -90
32.254399 1329704316.432482 -18 13 -96
32.254399 1329704316.456343 -20 10 -101
32.291791 1329704316.470888 -22 7 -107
32.291791 1329704316.474454 -23 4 -112
32.331334 1329704316.480590 -25 1 -116
32.331334 1329704316.488624 -26 -2 -121
32.377382 1329704316.499725 -26 -6 -125
32.377382 1329704316.515329 -27 -10 -128
32.413868 1329704316.529981 -27 -13 -132
32.413868 1329704316.552312 -27 -17 -135
32.455172 1329704316.555042 -27 -20 -138
32.455172 1329704316.563598 -27 -23 -141
32.489862 1329704316.572723 -27 -25 -143
32.489862 1329704316.582137 -27 -27 -144
32.529857 1329704316.588246 -27 -28 -146
32.529857 1329704316.596711 -27 -29 -147
32.573580 1329704316.604537 -26 -30 -148
32.573580 1329704316.613279 -25 -30 -148
32.612831 1329704316.621551 -24 -30 -148
32.612831 1329704316.629728 -23 -30 -147
32.654969 1329704316.638002 -23 -29 -146
32.654969 1329704316.646232 -22 -27 -145
32.696759 1329704316.654716 -22 -25 -143
32.696759 1329704316.662986 -23 -23 -141
32.745758 1329704316.671483 -23 -20 -138
32.745758 1329704316.692227 -23 -17 -134
32.769748 1329704316.696444 -23 -13 -130
32.769748 1329704316.705347 -22 -9 -126
32.812574 1329704316.713456 -21 -5 -121
32.812574 1329704316.721933 -19 -1 -116
32.853862 1329704316.734376 -16 3 -109
32.853862 1329704316.747269 -13 8 -103
32.895722 1329704316.755221 -10 13 -95
32.895722 1329704316.763695 -7 17 -87
32.930046 1329704316.771924 -3 21 -78
32.930046 1329704316.780666 0 23 -68
32.985764 1329704316.788814 5 25 -59
32.985764 1329704316.797059 10 26 -49
33.012017 1329704316.805250 15 25 -39
33.012017 1329704316.813977 20 23 -30
33.055030 1329704316.822073 24 21 -22
33.055030 1329704316.830568 28 18 -15
33.094633 1329704316.838856 30 14 -9
33.094633 1329704316.847223 31 11 -3
33.135449 1329704316.864549 31 7 1
33.135449 1329704316.872247 31 4 5
33.170343 1329704316.880496 30 0 9
33.170343 1329704316.888718 29 -2 12
33.210306 1329704316.896801 28 -4 16
33.210306 1329704316.904781 27 -7 18
33.252154 1329704316.913269 26 -9 21
33.252154 1329704316.921435 25 -11 23
33.294012 1329704316.930090 24 -13 24
33.294012 1329704316.938298 23 -14 25
33.335505 1329704316.946593 22 -15 26
33.335505 1329704316.955067 22 -16 27
33.371234 1329704316.975414 21 -16 27
33.371234 1329704316.980329 20 -16 27
33.418206 1329704316.988456 20 -16 26
33.418206 1329704316.996943 20 -15 26
33.452055 1329704317.005614 20 -14 26
33.452055 1329704317.013574 20 -12 25
33.493684 1329704317.033551 21 -10 25
33.493684 1329704317.038047 21 -7 24
33.534869 1329704317.046672 21 -3 22
33.534869 1329704317.054907 20 0 20
33.576956 1329704317.063582 20 4 17
33.576956 1329704317.071315 18 8 14
33.610289 1329704317.079687 17 12 11
33.610289 1329704317.087880 15 15 7
33.651841 1329704317.096562 13 19 3
33.651841 1329704317.104736 12 21 -1
33.693608 1329704317.113336 11 23 -5
33.693608 1329704317.121618 9 25 -10
33.735018 1329704317.130140 7 26 -15
33.735018 1329704317.149264 5 27 -20
33.769110 1329704317.155127 3 27 -26
33.769110 1329704317.163485 0 26 -31
33.810874 1329704317.171700 -2 26 -37
33.810874 1329704317.179767 -5 25 -42
33.852448 1329704317.192265 -8 23 -47
33.852448 1329704317.196295 -11 22 -51
33.894394 1329704317.204807 -13 20 -55
33.894394 1329704317.213323 -15 18 -58
33.936603 1329704317.221739 -15 16 -61
33.936603 1329704317.229472 -16 14 -63
33.980800 1329704317.237846 -16 13 -65
33.980800 1329704317.246235 -16 11 -67
34.011714 1329704317.254543 -16 9 -69
34.011714 1329704317.263543 -16 8 -70
34.052801 1329704317.270753 -16 7 -72
34.052801 1329704317.279743 -15 6 -73
34.094700 1329704317.286868 -15 5 -74
34.094700 1329704317.302771 -14 5 -75
34.139384 1329704317.305874 -13 4 -76
34.139384 1329704317.313085 -13 4 -77
34.169706 1329704317.320926 -12 3 -78
34.169706 1329704317.329583 -11 3 -78
34.211382 1329704317.337160 -9 3 -79
34.211382 1329704317.345964 -8 3 -79
34.261708 1329704317.354441 -7 3 -79
34.261708 1329704317.362759 -7 3 -80
34.294905 1329704317.370729 -6 3 -80
34.294905 1329704317.379233 -5 3 -80
34.338050 1329704317.386975 -5 3 -80
34.338050 1329704317.395983 -4 3 -80
34.369486 1329704317.405648 -4 3 -80
34.369486 1329704317.411314 -4 3 -80
34.412447 1329704317.419649 -4 4 -80
34.412447 1329704317.428979 -4 4 -80
34.452465 1329704317.436437 -4 4 -80
34.452465 1329704317.451906 -4 4 -80
34.494201 1329704317.463658 -4 4 -80
34.494201 1329704317.469390 -4 4 -80
34.535947 1329704317.477792 -3 4 -80
34.535947 1329704317.486314 -3 4 -79
34.577526 1329704317.494749 -3 4 -79
34.577526 1329704317.511733 -3 4 -79
34.610941 1329704317.522290 -3 4 -79
34.610941 1329704317.527389 -3 4 -79
34.652762 1329704317.536204 -3 4 -79
34.652762 1329704317.546102 -4 4 -78
34.693873 1329704317.552431 -4 4 -78
34.693873 1329704317.589003 -4 4 -78
34.735229 1329704317.594320 -4 4 -78
34.735229 1329704317.602127 -4 4 -78
34.780069 1329704317.610911 -4 4 -78
34.780069 1329704317.618897 -4 4 -78
34.810305 1329704317.634122 -4 5 -77
34.810305 1329704317.647265 -4 5 -77
34.851933 1329704317.652581 -4 5 -77
34.851933 1329704317.660396 -4 5 -77
34.893505 1329704317.669225 -4 5 -77
34.893505 1329704317.677219 -4 5 -77
34.935188 1329704317.685659 -4 5 -77
34.935188 1329704317.694195 -4 5 -77
34.971251 1329704317.713088 -4 5 -76
34.971251 1329704317.718956 -4 5 -76
35.009995 1329704317.727424 -3 5 -76
35.009995 1329704317.741623 -3 5 -76
35.052122 1329704317.743987 -3 5 -76
35.052122 1329704317.752424 -3 5 -76
35.093443 1329704317.781188 -3 5 -76
35.093443 1329704317.792572 -3 5 -75
35.135445 1329704317.806104 -3 5 -75
35.135445 1329704317.812542 -3 6 -74
35.177076 1329704317.818821 -3 6 -74
35.177076 1329704317.828796 -4 7 -73
35.210515 1329704317.835611 -4 7 -73
35.210515 1329704317.844731 -5 8 -74
35.252502 1329704317.851909 -5 9 -75
35.252502 1329704317.860853 -6 10 -76
35.294704 1329704317.868810 -7 10 -79
35.294704 1329704317.877390 -8 11 -82
35.335442 1329704317.885516 -8 10 -85
35.335442 1329704317.893618 -9 10 -89
35.375173 1329704317.902028 -9 8 -94
35.375173 1329704317.910547 -9 7 -98
35.409786 1329704317.918796 -10 5 -103
35.409786 1329704317.927338 -11 3 -108
35.452216 1329704317.935315 -13 1 -114
35.452216 1329704317.943426 -14 -1 -119
35.493597 1329704317.958909 -16 -3 -125
35.493597 1329704317.961215 -17 -6 -130
35.535665 1329704317.968701 -17 -9 -135
35.535665 1329704317.977392 -17 -12 -141
35.569064 1329704317.985401 -17 -15 -146
35.569064 1329704317.993609 -17 -17 -151
35.610161 1329704318.001901 -16 -19 -156
35.610161 1329704318.010729 -15 -20 -160
35.652003 1329704318.018619 -14 -20 -163
35.652003 1329704318.027302 -13 -20 -164
35.691808 1329704318.035190 -13 -20 -165
35.691808 1329704318.044122 -14 -19 -165
35.735243 1329704318.052070 -16 -19 -164
35.735243 1329704318.060861 -17 -18 -162
35.777148 1329704318.068470 -17 -17 -160
35.777148 1329704318.077050 -16 -15 -156
35.811942 1329704318.085348 -15 -13 -152
35.811942 1329704318.093793 -14 -9 -147
35.851753 1329704318.102196 -14 -6 -141
35.851753 1329704318.110680 -14 -2 -134
35.892958 1329704318.118599 -14 1 -126
35.892958 1329704318.126970 -13 5 -117
35.934587 1329704318.135255 -11 9 -107
35.934587 1329704318.143749 -8 12 -96
35.975738 1329704318.152010 -5 15 -85
35.975738 1329704318.161843 -1 16 -74
36.013367 1329704318.168690 1 16 -63
36.013367 1329704318.176925 4 16 -52
36.050366 1329704318.184870 6 16 -42
36.050366 1329704318.193597 7 15 -32
36.091698 1329704318.202061 8 13 -23
36.091698 1329704318.211083 9 12 -14
36.132911 1329704318.218441 10 9 -6
36.132911 1329704318.226889 11 7 0
36.174159 1329704318.234971 11 4 7
36.174159 1329704318.243709 11 1 14
36.221591 1329704318.252208 12 -1 19
36.221591 1329704318.269541 12 -2 24
36.249840 1329704318.282552 13 -4 28
36.249840 1329704318.285144 13 -4 31
36.291260 1329704318.293567 13 -5 32
36.291260 1329704318.301785 12 -7 34
36.332826 1329704318.310288 12 -8 34
36.332826 1329704318.318608 11 -9 35
36.374093 1329704318.326811 10 -9 35
36.374093 1329704318.335167 10 -10 35
36.415979 1329704318.343228 9 -10 35
36.415979 1329704318.351804 9 -10 34
36.449736 1329704318.360585 9 -9 34
36.449736 1329704318.368614 9 -8 33
36.490457 1329704318.383243 9 -7 32
36.490457 1329704318.385567 8 -5 30
36.532497 1329704318.393473 8 -3 28
36.532497 1329704318.401766 8 0 26
36.573916 1329704318.410231 7 2 23
36.573916 1329704318.421401 6 5 19
36.615502 1329704318.435980 5 8 15
36.615502 1329704318.447426 3 11 11
36.657338 1329704318.453428 1 14 6
36.657338 1329704318.461052 0 16 0
36.690676 1329704318.468884 -3 18 -5
36.690676 1329704318.477727 -5 19 -11
36.732562 1329704318.485601 -6 20 -18
36.732562 1329704318.498482 -7 20 -24
36.773760 1329704318.502112 -7 19 -30
36.773760 1329704318.510878 -8 18 -37
36.816180 1329704318.518888 -9 17 -43
36.816180 1329704318.527713 -10 16 -48
36.849599 1329704318.535471 -11 15 -54
36.849599 1329704318.543737 -13 13 -58
36.893744 1329704318.551942 -15 12 -63
36.893744 1329704318.560878 -17 11 -67
36.941209 1329704318.568754 -19 9 -71
36.941209 1329704318.577418 -21 8 -74
36.979912 1329704318.585563 -22 6 -77
36.979912 1329704318.600785 -24 5 -80
37.009095 1329704318.603639 -24 3 -82
37.009095 1329704318.610854 -25 2 -84
37.050573 1329704318.619045 -25 1 -86
37.050573 1329704318.627659 -25 0 -89
37.093944 1329704318.635624 -23 0 -91
37.093944 1329704318.643573 -22 -1 -92
37.133684 1329704318.654037 -20 -1 -93
37.133684 1329704318.666974 -18 -2 -94
37.174935 1329704318.669550 -17 -2 -95
37.174935 1329704318.677317 -15 -3 -96
37.216302 1329704318.687469 -14 -3 -97
37.216302 1329704318.693656 -13 -3 -97
37.257057 1329704318.702355 -13 -3 -98
37.257057 1329704318.711086 -12 -3 -98
37.291428 1329704318.719151 -12 -3 -98
37.291428 1329704318.727729 -11 -3 -98
37.333276 1329704318.736050 -11 -3 -98
37.333276 1329704318.743929 -11 -3 -98
37.374549 1329704318.752483 -10 -3 -98
37.374549 1329704318.761006 -10 -2 -98
37.417766 1329704318.769213 -9 -2 -98
37.417766 1329704318.778044 -9 -2 -98
37.449550 1329704318.786151 -8 -2 -98
37.449550 1329704318.794038 -8 -1 -98
37.503229 1329704318.802390 -8 -1 -97
37.503229 1329704318.810798 -8 -1 -97
37.532718 1329704318.819238 -8 -1 -97
37.532718 1329704318.827651 -8 -1 -97
37.574700 1329704318.842815 -8 0 -96
37.574700 1329704318.845975 -8 0 -96
37.616267 1329704318.852205 -8 0 -96
37.616267 1329704318.860952 -8 0 -95
37.649926 1329704318.869148 -7 0 -95
37.649926 1329704318.877587 -7 0 -95
37.691232 1329704318.885350 -7 0 -95
37.691232 1329704318.894026 -7 0 -94
37.732645 1329704318.902147 -7 0 -94
37.732645 1329704318.910719 -7 0 -94
37.774741 1329704318.919177 -7 0 -94
37.774741 1329704318.927639 -7 0 -94
37.820039 1329704318.935476 -6 0 -93
37.820039 1329704318.943889 -6 1 -93
37.849540 1329704318.952046 -6 1 -93
37.849540 1329704318.960923 -6 1 -93
37.891282 1329704318.969282 -6 1 -93
37.891282 1329704318.977589 -6 1 -93
37.932351 1329704318.985311 -6 1 -93
37.932351 1329704318.993910 -6 1 -94
37.974391 1329704319.002083 -6 1 -94
37.974391 1329704319.010500 -6 1 -94
38.015928 1329704319.019169 -6 1 -94
38.015928 1329704319.027374 -6 1 -94
38.049421 1329704319.035606 -7 1 -94
38.049421 1329704319.055988 -7 2 -94
38.090704 1329704319.062628 -7 2 -93
38.090704 1329704319.068894 -6 2 -93
38.136120 1329704319.077908 -6 2 -93
38.136120 1329704319.085695 -6 2 -93
38.186668 1329704319.116490 -6 2 -93
38.186668 1329704319.131065 -6 2 -92
38.215409 1329704319.135185 -6 2 -92
38.215409 1329704319.143734 -6 2 -92
38.257061 1329704319.152193 -6 3 -92
38.257061 1329704319.160730 -6 3 -92
38.293442 1329704319.168575 -6 4 -93
38.293442 1329704319.177162 -7 4 -95
38.331976 1329704319.185343 -8 5 -97
38.331976 1329704319.193736 -9 5 -99
38.373536 1329704319.201822 -10 5 -102
38.373536 1329704319.210347 -10 4 -105
38.418372 1329704319.218537 -10 3 -109
38.418372 1329704319.234905 -11 2 -113
38.449424 1329704319.237964 -11 0 -117
38.449424 1329704319.243918 -11 -1 -122
38.490530 1329704319.251814 -10 -3 -126
38.490530 1329704319.260056 -10 -5 -131
38.532388 1329704319.268657 -9 -7 -135
38.532388 1329704319.277099 -9 -10 -140
38.574042 1329704319.285454 -8 -12 -145
38.574042 1329704319.293710 -8 -14 -149
38.619327 1329704319.301879 -8 -15 -154
38.619327 1329704319.310114 -8 -17 -158
38.648883 1329704319.318630 -8 -18 -162
38.648883 1329704319.327254 -8 -19 -165
38.691743 1329704319.343465 -8 -20 -168
38.691743 1329704319.346166 -7 -20 -170
38.732615 1329704319.351778 -7 -21 -171
38.732615 1329704319.359995 -7 -21 -172
38.774683 1329704319.368463 -7 -21 -172
38.774683 1329704319.377190 -8 -21 -171
38.815566 1329704319.385116 -9 -21 -169
38.815566 1329704319.393807 -11 -20 -166
38.848965 1329704319.401756 -12 -19 -163
38.848965 1329704319.410386 -13 -16 -159
38.892385 1329704319.418215 -14 -14 -155
38.892385 1329704319.426965 -14 -11 -149
38.944933 1329704319.435059 -14 -7 -144
38.944933 1329704319.462793 -13 -3 -137
38.973623 1329704319.486443 -11 0 -131
38.973623 1329704319.510465 -9 4 -123
39.014598 1329704319.524512 -5 8 -116
39.014598 1329704319.527727 -2 11 -107
39.056723 1329704319.534941 1 14 -98
39.056723 1329704319.543175 5 15 -89
39.089219 1329704319.552032 9 16 -79
39.089219 1329704319.560164 13 16 -69
39.130168 1329704319.568299 14 15 -59
39.130168 1329704319.576594 15 14 -49
39.171789 1329704319.585047 14 12 -40
39.171789 1329704319.593029 13 10 -32
39.215596 1329704319.609054 12 8 -24
39.215596 1329704319.612059 10 7 -17
39.260069 1329704319.618241 9 4 -11
39.260069 1329704319.626538 8 2 -6
39.293695 1329704319.635019 7 0 0
39.293695 1329704319.643036 6 -3 4
39.329717 1329704319.651871 6 -6 9
39.329717 1329704319.660301 7 -8 13
39.371873 1329704319.668266 7 -9 16
39.371873 1329704319.676744 8 -11 19
39.417631 1329704319.684997 8 -12 21
39.417631 1329704319.693162 7 -13 22
39.455603 1329704319.713544 7 -14 23
39.455603 1329704319.720311 6 -15 24
39.496160 1329704319.726537 5 -15 24
39.496160 1329704319.734730 5 -16 23
39.529492 1329704319.743173 4 -16 23
39.529492 1329704319.751643 4 -15 22
39.573285 1329704319.762634 4 -14 21
39.573285 1329704319.768456 4 -13 19
39.612866 1329704319.776283 4 -12 18
39.612866 1329704319.785009 4 -9 16
39.652701 1329704319.793241 4 -7 14
39.652701 1329704319.801821 4 -4 12
39.695977 1329704319.810235 4 -1 9
39.695977 1329704319.818367 3 2 6
39.729792 1329704319.826646 3 5 2
39.729792 1329704319.835207 2 9 -1
39.771054 1329704319.843536 1 12 -5
39.771054 1329704319.851886 0 15 -9
39.813017 1329704319.860538 -1 18 -13
39.813017 1329704319.868585 -3 20 -18
39.854311 1329704319.877055 -4 22 -23
39.854311 1329704319.885099 -6 23 -28
39.896065 1329704319.893408 -7 24 -33
39.896065 1329704319.902261 -8 24 -39
39.930238 1329704319.920946 -9 24 -45
39.930238 1329704319.926612 -10 24 -50
39.971262 1329704319.935288 -12 23 -56
39.971262 1329704319.943687 -15 22 -62
40.013470 1329704319.952149 -17 20 -67
40.013470 1329704319.961154 -19 18 -71
40.057381 1329704319.968482 -21 17 -75
40.057381 1329704319.976622 -22 15 -79
40.089057 1329704319.985217 -24 13 -82
40.089057 1329704319.993486 -25 12 -85
40.130880 1329704320.001396 -25 10 -87
40.130880 1329704320.009886 -25 8 -89
40.174261 1329704320.017895 -25 7 -91
40.174261 1329704320.026067 -24 6 -93
40.216949 1329704320.034706 -24 5 -94
40.216949 1329704320.043926 -23 4 -95
40.255450 1329704320.051751 -22 4 -96
40.255450 1329704320.060115 -21 3 -97
40.288929 1329704320.074440 -20 3 -98
40.288929 1329704320.076938 -18 3 -98
40.330513 1329704320.085099 -17 3 -99
40.330513 1329704320.093480 -15 3 -99
40.371666 1329704320.101957 -14 3 -99
40.371666 1329704320.110218 -13 3 -99
40.409897 1329704320.118497 -12 3 -99
40.409897 1329704320.126623 -11 3 -99
40.454828 1329704320.135497 -10 3 -99
40.454828 1329704320.144232 -9 3 -99
40.496872 1329704320.152207 -9 3 -99
40.496872 1329704320.160560 -9 3 -98
40.530186 1329704320.168928 -9 4 -98
40.530186 1329704320.176606 -10 4 -97
40.569943 1329704320.185338 -10 4 -97
40.569943 1329704320.193705 -10 4 -97
40.613423 1329704320.202062 -11 4 -96
40.613423 1329704320.210661 -11 5 -96
40.655372 1329704320.230759 -11 5 -96
40.655372 1329704320.236987 -11 5 -95
40.696683 1329704320.243946 -11 5 -95
40.696683 1329704320.251952 -10 5 -95
40.730005 1329704320.260459 -10 5 -95
40.730005 1329704320.269035 -10 5 -94
40.772062 1329704320.276727 -10 5 -94
40.772062 1329704320.285358 -9 5 -94
40.813646 1329704320.293716 -9 5 -94
40.813646 1329704320.301843 -9 5 -93
40.868530 1329704320.310543 -9 5 -93
40.868530 1329704320.318784 -9 5 -93
40.896654 1329704320.326640 -9 5 -93
40.896654 1329704320.335028 -9 5 -93
40.930424 1329704320.344000 -9 5 -93
40.930424 1329704320.351673 -9 5 -92
40.971174 1329704320.360203 -9 5 -92
40.971174 1329704320.368596 -9 6 -92
41.013268 1329704320.376461 -9 6 -91
41.013268 1329704320.388067 -9 6 -91
41.049629 1329704320.393262 -9 6 -91
41.049629 1329704320.401419 -9 6 -90
41.104826 1329704320.409785 -9 6 -90
41.104826 1329704320.418246 -8 6 -90
41.129463 1329704320.426007 -8 6 -90
41.129463 1329704320.442560 -8 6 -90
41.183242 1329704320.466688 -8 6 -90
41.183242 1329704320.478823 -9 6 -91
41.212945 1329704320.484399 -9 6 -92
41.212945 1329704320.492657 -10 6 -93
41.254693 1329704320.500782 -11 6 -95
41.254693 1329704320.509083 -12 7 -97
41.303110 1329704320.519153 -13 8 -100
41.303110 1329704320.525571 -13 8 -102
41.329816 1329704320.534052 -14 8 -106
41.329816 1329704320.542367 -14 7 -109
41.370446 1329704320.550438 -14 6 -113
41.370446 1329704320.558801 -14 4 -117
41.413621 1329704320.573511 -14 2 -122
41.413621 1329704320.586847 -13 1 -126
41.454053 1329704320.600750 -13 0 -131
41.454053 1329704320.608497 -13 -2 -135
41.496036 1329704320.616289 -12 -5 -140
41.496036 1329704320.624445 -11 -7 -144
41.530081 1329704320.633368 -11 -9 -148
41.530081 1329704320.641558 -11 -11 -152
41.579069 1329704320.649900 -10 -14 -156
41.579069 1329704320.658196 -11 -16 -160
41.613116 1329704320.666205 -11 -18 -164
41.613116 1329704320.674388 -12 -20 -168
41.654250 1329704320.683104 -12 -21 -172
41.654250 1329704320.691464 -13 -23 -175
41.688722 1329704320.699623 -13 -25 -178
41.688722 1329704320.707929 -12 -26 178
41.730451 1329704320.715998 -12 -28 176
41.730451 1329704320.724099 -11 -29 174
41.771910 1329704320.732849 -10 -30 172
41.771910 1329704320.741307 -9 -30 172
41.815302 1329704320.749442 -8 -31 172
41.815302 1329704320.757847 -8 -30 173
41.854776 1329704320.766590 -8 -30 175
41.854776 1329704320.774078 -9 -29 177
41.902177 1329704320.785923 -10 -27 -179
41.902177 1329704320.791373 -11 -26 -175
41.929483 1329704320.799363 -12 -24 -171
41.929483 1329704320.807913 -13 -20 -166
41.970849 1329704320.815780 -13 -16 -160
41.970849 1329704320.824306 -13 -12 -154
42.012042 1329704320.833777 -11 -8 -147
42.012042 1329704320.841157 -9 -4 -141
42.067227 1329704320.849336 -7 0 -134
42.067227 1329704320.857604 -4 4 -126
42.095257 1329704320.865900 -1 9 -118
42.095257 1329704320.873940 1 13 -109
42.136957 1329704320.882439 3 16 -100
42.136957 1329704320.891078 4 18 -91
42.177152 1329704320.899232 6 20 -82
42.177152 1329704320.907551 8 20 -72
42.214038 1329704320.915692 8 20 -64
42.214038 1329704320.923952 9 21 -55
42.251900 1329704320.932369 9 21 -47
42.251900 1329704320.941252 8 20 -40
42.293744 1329704320.949253 8 19 -34
42.293744 1329704320.957550 8 18 -28
42.337934 1329704320.965687 8 16 -23
42.337934 1329704320.973842 8 14 -18
42.376910 1329704320.984115 9 12 -14
42.376910 1329704320.990955 9 11 -10
42.410244 1329704320.999090 10 9 -6
42.410244 1329704321.007418 11 7 -3
42.451351 1329704321.015700 11 6 0
42.451351 1329704321.023848 11 4 3
42.496564 1329704321.032277 11 2 6
42.496564 1329704321.040898 10 1 9
42.540166 1329704321.049170 9 0 11
42.540166 1329704321.057314 8 0 12
42.578538 1329704321.065572 8 -1 13
42.578538 1329704321.073826 7 -1 13
42.617522 1329704321.082273 7 -2 13
42.617522 1329704321.092581 7 -1 12
42.651867 1329704321.098856 7 -1 11
42.651867 1329704321.109403 8 0 10
42.696777 1329704321.115777 9 0 8
42.696777 1329704321.124111 9 2 7
42.731246 1329704321.139275 10 4 5
42.731246 1329704321.170231 10 6 3
42.776360 1329704321.181606 10 8 0
42.776360 1329704321.183618 9 10 -1
42.809795 1329704321.190747 8 12 -5
42.809795 1329704321.198881 6 14 -9
42.855818 1329704321.207163 3 16 -13
42.855818 1329704321.217777 0 18 -18
42.893099 1329704321.229294 -2 19 -23
42.893099 1329704321.234012 -5 20 -28
42.936676 1329704321.240794 -8 20 -33
42.936676 1329704321.249073 -10 21 -38
42.976229 1329704321.257220 -12 21 -43
42.976229 1329704321.265992 -12 20 -48
43.011790 1329704321.274054 -13 20 -52
43.011790 1329704321.283902 -13 19 -56
43.052029 1329704321.292677 -12 18 -60
43.052029 1329704321.299050 -11 17 -64
43.100364 1329704321.307552 -11 15 -68
43.100364 1329704321.316097 -11 14 -71
43.135602 1329704321.324089 -11 13 -75
43.135602 1329704321.332373 -11 12 -78
43.177503 1329704321.340830 -12 11 -81
43.177503 1329704321.349235 -12 10 -84
43.210720 1329704321.356965 -13 9 -86
43.210720 1329704321.365449 -13 8 -89
43.253018 1329704321.385188 -13 7 -90
43.253018 1329704321.390490 -13 6 -92
43.293989 1329704321.399179 -13 5 -93
43.293989 1329704321.407749 -13 4 -94
43.336156 1329704321.415350 -12 4 -95
43.336156 1329704321.423909 -12 3 -96
43.369492 1329704321.446555 -12 3 -97
43.369492 1329704321.448816 -11 2 -97
43.410617 1329704321.457314 -11 2 -98
43.410617 1329704321.467392 -10 2 -98
43.452476 1329704321.473973 -10 2 -99
43.452476 1329704321.493121 -9 2 -99
43.493916 1329704321.516206 -9 1 -100
43.493916 1329704321.527874 -8 1 -100
43.542977 1329704321.541761 -8 1 -100
43.542977 1329704321.548817 -7 2 -100
43.577080 1329704321.557087 -7 2 -100
43.577080 1329704321.565283 -7 2 -100
43.610300 1329704321.575883 -7 2 -100
43.610300 1329704321.596063 -7 2 -100
43.652228 1329704321.599342 -6 2 -100
43.652228 1329704321.608018 -6 2 -99
43.693984 1329704321.615581 -6 3 -99
43.693984 1329704321.624116 -6 3 -99
43.735867 1329704321.632602 -6 3 -99
43.735867 1329704321.640700 -6 3 -99
43.776976 1329704321.649403 -6 3 -99
43.776976 1329704321.657730 -6 3 -99
43.810395 1329704321.665799 -6 3 -99
43.810395 1329704321.674381 -6 3 -99
43.857675 1329704321.682828 -6 3 -98
43.857675 1329704321.690812 -6 3 -98
43.893700 1329704321.701259 -6 3 -98
43.893700 1329704321.708276 -6 3 -98
43.935180 1329704321.716064 -6 3 -98
43.935180 1329704321.724406 -6 3 -98
43.977190 1329704321.732913 -6 3 -98
43.977190 1329704321.757788 -5 3 -98
44.010358 1329704321.781842 -5 4 -98
44.010358 1329704321.795344 -5 4 -98
44.060514 1329704321.827918 -5 4 -97
44.060514 1329704321.839911 -5 4 -97
44.093136 1329704321.845010 -5 4 -97
44.093136 1329704321.849012 -5 5 -97
44.135084 1329704321.857632 -5 5 -97
44.135084 1329704321.866050 -5 5 -97
44.169015 1329704321.874399 -5 5 -97
44.169015 1329704321.882566 -5 6 -97
44.210444 1329704321.891150 -5 6 -97
44.210444 1329704321.899167 -6 7 -97
44.252197 1329704321.908345 -6 8 -97
44.252197 1329704321.916902 -6 9 -97
44.292927 1329704321.924414 -7 10 -98
44.292927 1329704321.932463 -7 11 -99
44.335809 1329704321.941196 -8 12 -100
44.335809 1329704321.949186 -9 13 -102
44.376469 1329704321.957784 -10 13 -104
44.376469 1329704321.968614 -10 13 -107
44.409336 1329704321.984017 -11 13 -111
44.409336 1329704321.998527 -13 12 -115
44.451342 1329704322.019961 -14 11 -119
44.451342 1329704322.024617 -14 10 -123
44.492924 1329704322.033389 -15 8 -127
44.492924 1329704322.041348 -16 6 -132
44.535262 1329704322.049919 -16 3 -137
44.535262 1329704322.057893 -17 1 -141
44.576810 1329704322.066386 -17 -1 -145
44.576810 1329704322.074613 -17 -3 -149
44.610188 1329704322.083355 -18 -6 -153
44.610188 1329704322.091282 -18 -8 -157
44.652143 1329704322.099541 -18 -11 -161
44.652143 1329704322.108018 -18 -13 -164
44.693699 1329704322.116337 -18 -15 -168
44.693699 1329704322.124546 -18 -17 -171
44.731800 1329704322.133079 -17 -19 -174
44.731800 1329704322.141217 -16 -21 -177
44.776967 1329704322.156882 -15 -22 -179
44.776967 1329704322.180173 -14 -24 178
44.810834 1329704322.183468 -14 -25 176
44.810834 1329704322.191334 -14 -26 175
44.852310 1329704322.199158 -15 -27 174
44.852310 1329704322.208216 -16 -27 173
44.892982 1329704322.216047 -18 -27 174
44.892982 1329704322.233285 -19 -26 175
44.944293 1329704322.246504 -20 -26 177
44.944293 1329704322.278210 -20 -25 -179
44.976520 1329704322.290116 -19 -23 -175
44.976520 1329704322.295397 -19 -21 -171
45.013234 1329704322.310398 -19 -17 -166
45.013234 1329704322.333523 -18 -12 -161
45.059339 1329704322.340783 -18 -8 -155
45.059339 1329704322.351570 -16 -3 -149
45.089762 1329704322.357106 -14 1 -143
45.089762 1329704322.365201 -12 6 -135
45.134254 1329704322.374010 -9 11 -127
45.134254 1329704322.382337 -6 16 -119
45.175780 1329704322.390463 -3 20 -110
45.175780 1329704322.398799 -1 23 -100
45.217025 1329704322.407118 0 24 -91
45.217025 1329704322.414764 3 25 -81
45.249691 1329704322.424038 6 25 -72
45.249691 1329704322.431992 9 25 -63
45.292574 1329704322.440684 13 24 -55
45.292574 1329704322.449074 17 22 -47
45.332335 1329704322.464501 20 19 -40
45.332335 1329704322.489421 23 17 -33
45.375893 1329704322.492564 25 14 -26
45.375893 1329704322.498777 27 12 -21
45.415944 1329704322.506778 28 9 -15
45.415944 1329704322.515614 27 7 -11
45.456888 1329704322.523748 27 4 -7
45.456888 1329704322.540569 26 2 -3
45.495433 1329704322.548765 24 1 0
45.495433 1329704322.556865 23 0 2
45.531819 1329704322.565157 21 -2 5
45.531819 1329704322.573851 20 -3 7
45.579028 1329704322.582404 18 -5 9
45.579028 1329704322.601617 16 -7 11
45.619646 1329704322.609170 15 -8 12
45.619646 1329704322.615433 14 -9 13
45.649000 1329704322.623694 13 -10 14
45.649000 1329704322.632554 12 -10 15
