imu_t vicon_t roll pitch yaw
1.862120 1329939686.305692 0 0 0
1.895446 1329939686.320012 0 0 0
1.925283 1329939686.333997 0 0 0
1.925283 1329939686.348383 0 0 0
1.953854 1329939686.355657 0 0 0
1.978755 1329939686.364280 0 0 0
1.978755 1329939686.372511 0 0 0
2.011934 1329939686.380866 0 0 0
2.048343 1329939686.394145 0 0 0
2.048343 1329939686.397410 0 0 0
2.073242 1329939686.405698 0 0 0
2.103686 1329939686.413784 0 0 0
2.103686 1329939686.422405 0 0 0
2.128474 1329939686.430667 0 0 0
2.162037 1329939686.438823 0 0 0
2.162037 1329939686.447229 0 0 0
2.194735 1329939686.455809 0 0 0
2.219881 1329939686.463471 0 0 0
2.219881 1329939686.472228 0 0 0
2.247374 1329939686.480473 0 0 0
2.278486 1329939686.488922 0 0 0
2.278486 1329939686.507246 0 0 0
2.313596 1329939686.513995 0 0 0
2.344953 1329939686.521859 0 0 0
2.344953 1329939686.530462 0 0 0
2.369776 1329939686.538795 0 0 0
2.402595 1329939686.547307 0 0 0
2.402595 1329939686.566740 0 0 0
2.428138 1329939686.572298 0 0 0
2.463236 1329939686.580229 0 0 0
2.463236 1329939686.588843 0 0 0
2.496940 1329939686.597186 0 0 0
2.519615 1329939686.605468 0 0 0
2.519615 1329939686.613914 0 0 0
2.554639 1329939686.621910 0 0 0
2.585051 1329939686.630292 0 0 0
2.585051 1329939686.638771 0 0 0
2.611011 1329939686.647078 0 0 0
2.639836 1329939686.655310 0 0 0
2.639836 1329939686.664083 0 0 0
2.669962 1329939686.692954 0 0 0
2.702899 1329939686.715996 0 0 0
2.702899 1329939686.739882 0 0 0
2.727856 1329939686.753920 0 0 0
2.760776 1329939686.756744 0 0 0
2.760776 1329939686.763638 0 0 0
2.794771 1329939686.771763 0 0 0
2.819289 1329939686.779922 0 0 0
2.819289 1329939686.788773 0 0 0
2.852782 1329939686.796922 0 0 0
2.886002 1329939686.805228 0 0 0
2.886002 1329939686.813744 0 0 0
2.919373 1329939686.821798 0 0 0
2.919373 1329939686.834776 0 0 0
2.960675 1329939686.838719 0 0 0
2.960675 1329939686.846755 0 0 0
3.002354 1329939686.855099 0 0 0
3.002354 1329939686.863627 0 0 0
3.044142 1329939686.871765 0 0 0
3.044142 1329939686.887685 0 0 0
3.085669 1329939686.890541 0 0 0
3.085669 1329939686.896914 0 0 0
3.123804 1329939686.905090 0 0 0
3.123804 1329939686.913501 0 0 0
3.160835 1329939686.921924 0 0 0
3.160835 1329939686.935973 0 0 0
3.202490 1329939686.938798 0 0 0
3.202490 1329939686.946721 0 0 0
3.243895 1329939686.954751 0 0 0
3.243895 1329939686.963756 0 0 0
3.284485 1329939686.971679 0 0 0
3.284485 1329939686.980036 0 0 0
3.326711 1329939686.988610 0 0 0
3.326711 1329939686.996879 0 0 0
3.360646 1329939687.004565 0 0 0
3.360646 1329939687.013307 0 0 0
3.401903 1329939687.021533 0 0 0
3.401903 1329939687.030087 0 0 0
3.445246 1329939687.038452 0 0 0
3.445246 1329939687.046609 0 0 0
3.484983 1329939687.054516 0 0 0
3.484983 1329939687.069424 0 0 0
3.526697 1329939687.072881 0 0 0
3.526697 1329939687.086606 0 0 0
3.560395 1329939687.089597 0 0 0
3.560395 1329939687.096810 0 0 0
3.617259 1329939687.104535 0 0 0
3.617259 1329939687.113292 0 0 0
3.643261 1329939687.121299 0 0 0
3.643261 1329939687.129805 0 0 0
3.685019 1329939687.138405 0 0 0
3.685019 1329939687.146520 0 0 0
3.726970 1329939687.154537 0 0 0
3.726970 1329939687.163361 0 0 0
3.760083 1329939687.171314 0 0 0
3.760083 1329939687.179877 0 0 0
3.802069 1329939687.190304 0 0 0
3.802069 1329939687.196311 0 0 0
3.843232 1329939687.204499 0 0 0
3.843232 1329939687.213033 0 0 0
3.883915 1329939687.221230 0 1 0
3.883915 1329939687.239491 0 1 0
3.929943 1329939687.240026 0 1 0
3.929943 1329939687.245919 0 1 0
3.959630 1329939687.254152 0 0 0
3.959630 1329939687.262592 0 0 0
4.001936 1329939687.270797 0 0 0
4.001936 1329939687.279128 0 -1 -1
4.048453 1329939687.287785 0 -1 -1
4.048453 1329939687.295879 0 -1 -1
4.084762 1329939687.304239 0 -1 -1
4.084762 1329939687.312425 0 -1 -1
4.126119 1329939687.321082 0 -1 -2
4.126119 1329939687.329199 0 -1 -2
4.159811 1329939687.341170 0 -1 -3
4.159811 1329939687.345804 0 -1 -3
4.203414 1329939687.353869 -1 -1 -3
4.203414 1329939687.362596 -1 -1 -4
4.243329 1329939687.370694 -1 -1 -4
4.243329 1329939687.379333 -2 -1 -5
4.285096 1329939687.399417 -2 -1 -5
4.285096 1329939687.423664 -2 -1 -6
4.322396 1329939687.428975 -3 -1 -6
4.322396 1329939687.436918 -3 0 -7
4.360096 1329939687.445831 -3 0 -7
4.360096 1329939687.453889 -3 0 -7
4.402094 1329939687.462393 -3 0 -8
4.402094 1329939687.470781 -3 0 -8
4.443242 1329939687.478735 -4 0 -9
4.443242 1329939687.486987 -4 0 -9
4.485053 1329939687.495684 -4 0 -9
4.485053 1329939687.503960 -4 0 -10
4.526381 1329939687.512401 -4 -1 -10
4.526381 1329939687.520820 -4 -1 -10
4.560023 1329939687.529079 -4 -1 -11
4.560023 1329939687.536952 -4 -2 -11
4.602062 1329939687.545743 -3 -2 -11
4.602062 1329939687.553955 -3 -3 -11
4.643455 1329939687.562474 -3 -3 -11
4.643455 1329939687.570833 -3 -4 -11
4.685480 1329939687.578787 -3 -4 -12
4.685480 1329939687.587127 -3 -5 -12
4.726587 1329939687.595702 -2 -6 -12
4.726587 1329939687.603901 -2 -7 -12
4.760338 1329939687.612061 -2 -8 -12
4.760338 1329939687.620640 -2 -8 -13
4.807450 1329939687.628844 -1 -9 -13
4.807450 1329939687.636720 -1 -10 -13
4.843400 1329939687.645541 0 -10 -13
4.843400 1329939687.653726 0 -11 -13
4.885230 1329939687.662336 0 -11 -13
4.885230 1329939687.678808 0 -12 -13
4.926762 1329939687.680613 1 -12 -14
4.926762 1329939687.686668 1 -13 -14
4.964145 1329939687.695558 1 -13 -14
4.964145 1329939687.703785 1 -14 -14
5.003699 1329939687.715341 1 -14 -13
5.003699 1329939687.736225 1 -14 -13
5.047856 1329939687.738122 1 -14 -13
5.047856 1329939687.745315 1 -14 -13
5.085467 1329939687.753697 1 -14 -13
5.085467 1329939687.762266 1 -13 -13
5.119999 1329939687.788452 1 -13 -12
5.119999 1329939687.803958 0 -12 -12
5.160269 1329939687.825960 0 -12 -12
5.160269 1329939687.916296 0 -11 -12
5.202075 1329939687.931946 0 -11 -12
5.202075 1329939687.936885 0 -10 -12
5.245409 1329939687.953133 0 -10 -12
5.245409 1329939687.954336 0 -9 -12
5.294071 1329939687.961776 0 -9 -12
5.294071 1329939687.969913 0 -9 -12
5.327095 1329939687.978726 0 -9 -12
5.327095 1329939687.986870 0 -9 -12
5.360116 1329939687.995337 0 -9 -12
5.360116 1329939688.003602 0 -10 -12
5.401926 1329939688.011972 0 -11 -12
5.401926 1329939688.019995 0 -12 -12
5.443649 1329939688.028657 0 -13 -13
5.443649 1329939688.036784 0 -15 -13
5.484462 1329939688.045169 0 -17 -13
5.484462 1329939688.053658 0 -19 -13
5.528886 1329939688.061908 -1 -21 -13
5.528886 1329939688.072102 -2 -23 -13
5.560425 1329939688.078745 -2 -25 -13
5.560425 1329939688.086746 -3 -27 -14
5.599784 1329939688.095254 -3 -29 -14
5.599784 1329939688.105628 -3 -31 -14
5.650081 1329939688.126223 -2 -33 -14
5.650081 1329939688.128179 -2 -36 -15
5.683768 1329939688.136894 -1 -38 -15
5.683768 1329939688.145013 0 -40 -16
5.726197 1329939688.153494 0 -42 -17
5.726197 1329939688.161890 1 -44 -18
5.762634 1329939688.170166 3 -47 -19
5.762634 1329939688.181859 4 -49 -20
5.800512 1329939688.186659 6 -51 -21
5.800512 1329939688.194804 9 -53 -23
5.841774 1329939688.203391 11 -55 -25
5.841774 1329939688.211982 14 -56 -27
5.883344 1329939688.219773 17 -57 -30
5.883344 1329939688.233291 20 -58 -32
5.924761 1329939688.236685 22 -59 -34
5.924761 1329939688.245020 24 -59 -36
5.966214 1329939688.253396 26 -60 -37
5.966214 1329939688.261881 28 -61 -39
6.003077 1329939688.269902 30 -62 -41
6.003077 1329939688.278206 31 -63 -43
6.040375 1329939688.286703 33 -64 -44
6.040375 1329939688.295015 34 -64 -46
6.081882 1329939688.303384 35 -65 -47
6.081882 1329939688.311961 37 -66 -49
6.123164 1329939688.319781 38 -67 -51
6.123164 1329939688.328062 40 -68 -53
6.164781 1329939688.356193 42 -69 -55
6.164781 1329939688.367108 44 -70 -57
6.198186 1329939688.381147 46 -71 -58
6.198186 1329939688.394478 48 -71 -60
6.239744 1329939688.396283 50 -72 -63
6.239744 1329939688.403859 52 -72 -65
6.281381 1329939688.411605 54 -72 -66
6.281381 1329939688.419718 55 -72 -68
6.323164 1329939688.428056 56 -72 -69
6.323164 1329939688.436373 57 -72 -70
6.364669 1329939688.447905 57 -72 -70
6.364669 1329939688.452849 58 -72 -71
6.398199 1329939688.461159 58 -72 -71
6.398199 1329939688.469928 59 -73 -72
6.439482 1329939688.487017 60 -73 -73
6.439482 1329939688.494872 61 -74 -73
6.481142 1329939688.502663 62 -75 -74
6.481142 1329939688.511511 64 -76 -76
6.523788 1329939688.519628 66 -77 -77
6.523788 1329939688.527909 67 -77 -78
6.563865 1329939688.543781 69 -79 -79
6.563865 1329939688.555102 71 -80 -81
6.605515 1329939688.561116 73 -81 -82
6.605515 1329939688.569574 75 -82 -83
6.639030 1329939688.578055 77 -83 -84
6.639030 1329939688.586351 79 -84 -86
6.680501 1329939688.594612 82 -86 -87
6.680501 1329939688.605104 87 -87 -91
6.727436 1329939688.610922 114 -89 -116
6.727436 1329939688.621486 -125 -88 124
6.764062 1329939688.632648 -110 -87 108
6.764062 1329939688.636017 -105 -85 104
6.805711 1329939688.644138 -103 -83 101
6.805711 1329939688.652900 -100 -82 99
6.839081 1329939688.660687 -98 -80 97
6.839081 1329939688.669500 -96 -78 96
6.881636 1329939688.677705 -94 -77 94
6.881636 1329939688.686029 -91 -76 92
6.922197 1329939688.694241 -89 -74 91
6.922197 1329939688.702771 -87 -73 89
6.958222 1329939688.710578 -85 -72 88
6.958222 1329939688.719016 -83 -71 87
7.005749 1329939688.727569 -81 -69 86
7.005749 1329939688.736077 -80 -68 85
7.039056 1329939688.746087 -79 -67 85
7.039056 1329939688.757767 -78 -66 84
7.080509 1329939688.771185 -77 -65 84
7.080509 1329939688.793762 -76 -64 84
7.122368 1329939688.804847 -75 -64 83
7.122368 1329939688.810624 -75 -63 83
7.163872 1329939688.819075 -74 -63 83
7.163872 1329939688.827541 -73 -63 83
7.205438 1329939688.835903 -73 -63 83
7.205438 1329939688.848951 -73 -63 83
7.239386 1329939688.862673 -73 -64 83
7.239386 1329939688.869382 -73 -65 83
7.280499 1329939688.877671 -73 -65 82
7.280499 1329939688.892889 -72 -66 82
7.321843 1329939688.895196 -72 -67 81
7.321843 1329939688.902479 -71 -67 81
7.363674 1329939688.911171 -71 -68 80
7.363674 1329939688.918946 -70 -69 80
7.414153 1329939688.927565 -70 -70 80
7.414153 1329939688.935923 -70 -71 79
7.438648 1329939688.947717 -70 -72 79
7.438648 1329939688.952260 -71 -73 78
7.480600 1329939688.961063 -71 -74 78
7.480600 1329939688.968699 -71 -75 77
7.527382 1329939688.977785 -71 -76 76
7.527382 1329939688.985713 -70 -77 75
7.562954 1329939688.998911 -70 -78 74
7.562954 1329939689.002334 -68 -80 72
7.605011 1329939689.010756 -67 -81 70
7.605011 1329939689.018646 -66 -82 68
7.639786 1329939689.027317 -64 -83 65
7.639786 1329939689.035724 -61 -84 61
7.681818 1329939689.044071 -55 -85 54
7.681818 1329939689.052233 -46 -86 43
7.721394 1329939689.060983 -30 -87 27
7.721394 1329939689.068633 -7 -87 2
7.758588 1329939689.077207 19 -87 -25
7.758588 1329939689.085532 40 -86 -48
7.804598 1329939689.093938 52 -86 -62
7.804598 1329939689.102713 59 -85 -70
7.849089 1329939689.110757 63 -83 -75
7.849089 1329939689.120443 66 -82 -79
7.879497 1329939689.127214 67 -81 -81
7.879497 1329939689.137591 68 -80 -83
7.926268 1329939689.143878 68 -79 -85
7.926268 1329939689.153593 68 -77 -86
7.962849 1329939689.160664 68 -76 -87
7.962849 1329939689.168555 68 -75 -88
8.010005 1329939689.177124 68 -73 -89
8.010005 1329939689.185607 68 -72 -90
8.046204 1329939689.193946 68 -71 -91
8.046204 1329939689.202215 68 -70 -92
8.079705 1329939689.210591 67 -68 -93
8.079705 1329939689.218468 67 -67 -93
8.121038 1329939689.227154 67 -66 -94
8.121038 1329939689.235433 67 -65 -94
8.162751 1329939689.245944 66 -63 -94
8.162751 1329939689.265912 66 -62 -94
8.204421 1329939689.268613 66 -61 -94
8.204421 1329939689.276779 65 -60 -94
8.238098 1329939689.285302 65 -58 -94
8.238098 1329939689.293847 64 -57 -94
8.281005 1329939689.302205 64 -56 -94
8.281005 1329939689.310346 64 -55 -94
8.321024 1329939689.319011 64 -54 -94
8.321024 1329939689.326585 64 -53 -95
8.362756 1329939689.335387 64 -52 -95
8.362756 1329939689.343520 64 -51 -95
8.404374 1329939689.352044 63 -51 -95
8.404374 1329939689.360215 63 -50 -95
8.438043 1329939689.375474 62 -49 -95
8.438043 1329939689.377045 61 -48 -95
8.479371 1329939689.385098 61 -48 -95
8.479371 1329939689.393593 60 -47 -94
8.522583 1329939689.402065 60 -47 -94
8.522583 1329939689.410124 60 -47 -94
8.562728 1329939689.418632 59 -47 -94
8.562728 1329939689.431626 60 -46 -94
8.608576 1329939689.435058 60 -46 -94
8.608576 1329939689.443599 60 -47 -94
8.643687 1329939689.451996 61 -47 -94
8.643687 1329939689.460203 61 -47 -94
8.679210 1329939689.468755 62 -48 -94
8.679210 1329939689.481710 63 -48 -94
8.720691 1329939689.485021 63 -49 -94
8.720691 1329939689.493502 64 -49 -94
8.759777 1329939689.502036 65 -50 -94
8.759777 1329939689.510323 65 -50 -94
8.810484 1329939689.518566 66 -51 -94
8.810484 1329939689.526512 67 -52 -94
8.845552 1329939689.535192 67 -53 -94
8.845552 1329939689.543581 68 -54 -94
8.879008 1329939689.551814 69 -55 -94
8.879008 1329939689.560100 69 -56 -93
8.921820 1329939689.568501 70 -57 -93
8.921820 1329939689.576478 71 -58 -93
8.962147 1329939689.592367 71 -59 -92
8.962147 1329939689.594311 71 -60 -92
9.003900 1329939689.601986 71 -61 -91
9.003900 1329939689.609964 71 -62 -90
9.046825 1329939689.618443 71 -64 -89
9.046825 1329939689.626629 71 -65 -88
9.078387 1329939689.634634 71 -66 -87
9.078387 1329939689.643565 70 -67 -86
9.120113 1329939689.651638 70 -68 -85
9.120113 1329939689.659751 69 -70 -83
9.161664 1329939689.668482 68 -71 -82
9.161664 1329939689.676233 67 -72 -80
9.203207 1329939689.684696 66 -74 -78
9.203207 1329939689.693396 64 -75 -76
9.244945 1329939689.701719 62 -76 -73
9.244945 1329939689.709777 59 -78 -69
9.287008 1329939689.718267 55 -79 -65
9.287008 1329939689.726066 50 -81 -59
9.320880 1329939689.734685 43 -82 -52
9.320880 1329939689.753044 33 -83 -42
9.361473 1329939689.759661 21 -84 -29
9.361473 1329939689.768136 6 -84 -14
9.402998 1329939689.776781 -6 -84 -1
9.402998 1329939689.784748 -17 -83 9
9.444832 1329939689.792840 -27 -82 19
9.444832 1329939689.809905 -35 -81 27
9.498334 1329939689.811545 -40 -80 33
9.498334 1329939689.817973 -45 -79 38
9.519834 1329939689.826669 -48 -77 42
9.519834 1329939689.834636 -51 -76 45
9.559465 1329939689.842795 -54 -75 48
9.559465 1329939689.851635 -56 -74 50
9.602368 1329939689.859493 -58 -73 52
9.602368 1329939689.868243 -60 -72 54
9.644512 1329939689.876540 -61 -71 56
9.644512 1329939689.884721 -62 -70 57
9.686458 1329939689.893129 -63 -69 58
9.686458 1329939689.902656 -63 -68 59
9.719844 1329939689.925054 -63 -67 59
9.719844 1329939689.926942 -63 -67 59
9.761264 1329939689.934897 -63 -66 60
9.761264 1329939689.942835 -63 -66 60
9.820208 1329939689.951200 -63 -65 60
9.820208 1329939689.959650 -63 -65 61
9.844627 1329939689.967752 -64 -65 61
9.844627 1329939689.976247 -64 -64 61
9.880309 1329939689.984923 -64 -64 61
9.880309 1329939689.993038 -64 -64 62
9.919808 1329939690.001569 -64 -64 62
9.919808 1329939690.009923 -64 -64 61
9.961038 1329939690.018109 -64 -64 61
9.961038 1329939690.026435 -64 -65 60
10.002846 1329939690.034905 -63 -65 60
10.002846 1329939690.042733 -63 -65 59
10.040105 1329939690.051429 -62 -66 58
10.040105 1329939690.059564 -62 -67 58
10.085973 1329939690.068007 -62 -68 57
10.085973 1329939690.076381 -61 -68 57
10.119200 1329939690.084742 -61 -69 56
10.119200 1329939690.092801 -61 -70 56
10.163406 1329939690.101467 -61 -71 55
10.163406 1329939690.109893 -62 -72 55
10.203064 1329939690.118013 -61 -73 54
10.203064 1329939690.126454 -61 -74 53
10.243997 1329939690.134575 -61 -76 52
10.243997 1329939690.142743 -60 -77 51
10.285713 1329939690.151152 -58 -78 49
10.285713 1329939690.159264 -57 -79 47
10.318958 1329939690.178225 -55 -80 44
10.318958 1329939690.191687 -53 -82 42
10.365079 1329939690.193417 -50 -83 38
10.365079 1329939690.201036 -47 -84 34
10.401904 1329939690.209841 -40 -85 26
10.401904 1329939690.217562 -25 -86 10
10.443703 1329939690.225959 2 -87 -19
10.443703 1329939690.237706 35 -87 -53
10.498053 1329939690.245714 56 -86 -75
10.498053 1329939690.250932 68 -85 -87
10.526948 1329939690.261726 74 -84 -94
10.526948 1329939690.267542 77 -82 -98
10.560194 1329939690.286622 80 -81 -101
10.560194 1329939690.309690 82 -80 -104
10.601891 1329939690.322324 83 -78 -105
10.601891 1329939690.334002 83 -77 -106
10.643305 1329939690.356302 83 -75 -107
10.643305 1329939690.367436 83 -74 -108
10.685312 1329939690.371213 82 -72 -108
10.685312 1329939690.376001 82 -71 -108
10.726944 1329939690.384022 81 -69 -109
10.726944 1329939690.392764 80 -68 -109
10.768122 1329939690.401083 80 -66 -109
10.768122 1329939690.409159 79 -65 -109
10.801855 1329939690.417377 79 -64 -109
10.801855 1329939690.425970 78 -63 -109
10.843399 1329939690.434062 77 -62 -109
10.843399 1329939690.448286 76 -61 -110
10.884866 1329939690.460021 76 -61 -110
10.884866 1329939690.467851 75 -60 -110
10.926683 1329939690.475407 74 -59 -109
10.926683 1329939690.484283 73 -58 -109
10.959742 1329939690.492838 72 -57 -109
10.959742 1329939690.505950 71 -56 -108
11.001670 1329939690.511449 70 -55 -107
11.001670 1329939690.517823 69 -55 -107
11.043145 1329939690.527639 68 -54 -106
11.043145 1329939690.534773 67 -53 -105
11.084779 1329939690.544748 66 -52 -104
11.084779 1329939690.551316 65 -52 -103
11.134213 1329939690.561517 64 -51 -102
11.134213 1329939690.567976 62 -51 -101
11.160121 1329939690.575623 61 -50 -100
11.160121 1329939690.584733 60 -50 -99
11.203187 1329939690.593059 59 -50 -98
11.203187 1329939690.601317 58 -50 -97
11.243904 1329939690.618729 58 -50 -96
11.243904 1329939690.630233 57 -50 -96
11.285042 1329939690.634146 56 -50 -95
11.285042 1329939690.643115 55 -50 -93
11.328342 1329939690.651144 54 -50 -92
11.328342 1329939690.659831 52 -50 -91
11.360111 1329939690.667998 51 -50 -90
11.360111 1329939690.676469 50 -51 -89
11.401618 1329939690.684008 49 -51 -88
11.401618 1329939690.693057 48 -51 -86
11.443610 1329939690.701412 47 -52 -85
11.443610 1329939690.709970 46 -52 -84
11.485680 1329939690.718154 45 -53 -83
11.485680 1329939690.726632 45 -54 -82
11.519034 1329939690.734274 44 -54 -80
11.519034 1329939690.742985 43 -55 -79
11.560238 1329939690.751225 42 -56 -78
11.560238 1329939690.760113 41 -56 -76
11.602257 1329939690.769645 40 -57 -75
11.602257 1329939690.776287 39 -58 -74
11.649498 1329939690.784202 37 -58 -72
11.649498 1329939690.792924 36 -58 -70
11.685387 1329939690.801400 35 -59 -68
11.685387 1329939690.809866 33 -59 -66
11.718882 1329939690.819782 31 -59 -63
11.718882 1329939690.826156 30 -58 -61
11.760817 1329939690.834282 28 -58 -58
11.760817 1329939690.842955 26 -57 -55
11.802931 1329939690.851099 24 -56 -53
11.802931 1329939690.859868 23 -55 -51
11.844428 1329939690.867961 22 -53 -49
11.844428 1329939690.876349 21 -52 -47
11.885874 1329939690.884535 20 -51 -45
11.885874 1329939690.892839 18 -50 -43
11.919817 1329939690.901281 18 -49 -41
11.919817 1329939690.909899 17 -48 -39
11.961606 1329939690.917914 16 -46 -38
11.961606 1329939690.926269 14 -45 -36
12.003195 1329939690.934786 13 -43 -35
12.003195 1329939690.943039 13 -41 -33
12.044476 1329939690.951311 12 -40 -32
12.044476 1329939690.960467 11 -38 -30
12.094907 1329939690.968049 10 -36 -29
12.094907 1329939690.979425 10 -34 -28
12.119949 1329939690.984603 9 -33 -27
12.119949 1329939690.993288 9 -31 -26
12.158826 1329939691.001603 8 -29 -25
12.158826 1329939691.010018 8 -27 -24
12.216306 1329939691.018139 8 -26 -24
12.216306 1329939691.034454 8 -25 -23
12.244773 1329939691.048567 8 -23 -23
12.244773 1329939691.051395 8 -22 -22
12.278182 1329939691.060476 7 -21 -22
12.278182 1329939691.068341 7 -20 -21
12.319347 1329939691.075996 6 -19 -21
12.319347 1329939691.084858 6 -18 -21
12.361520 1329939691.100753 5 -16 -20
12.361520 1329939691.115304 5 -15 -20
12.410425 1329939691.118900 5 -14 -20
12.410425 1329939691.126550 4 -13 -20
12.444687 1329939691.134549 4 -12 -20
12.444687 1329939691.143384 4 -12 -20
12.478189 1329939691.151299 4 -11 -20
12.478189 1329939691.159411 4 -11 -20
12.519718 1329939691.168220 4 -10 -20
12.519718 1329939691.176626 4 -9 -20
12.572842 1329939691.184301 4 -8 -20
12.572842 1329939691.193132 4 -8 -20
12.602986 1329939691.201066 4 -7 -20
12.602986 1329939691.209401 4 -6 -20
12.644689 1329939691.218153 4 -6 -20
12.644689 1329939691.226712 4 -5 -20
12.678875 1329939691.234679 5 -4 -20
12.678875 1329939691.243590 5 -4 -20
12.719057 1329939691.251566 5 -4 -20
12.719057 1329939691.272143 5 -3 -19
12.761032 1329939691.296439 5 -3 -19
12.761032 1329939691.311549 5 -2 -19
12.802264 1329939691.318086 5 -2 -19
12.802264 1329939691.326616 5 -1 -19
12.843819 1329939691.335073 5 -1 -19
12.843819 1329939691.355762 4 -1 -19
12.879269 1329939691.359718 4 0 -19
12.879269 1329939691.368685 4 0 -19
12.919113 1329939691.376323 3 0 -18
12.919113 1329939691.385307 3 0 -18
12.960622 1329939691.393316 3 0 -18
12.960622 1329939691.412847 3 0 -18
12.998234 1329939691.427869 3 0 -18
12.998234 1329939691.434998 3 0 -18
13.043906 1329939691.442828 3 0 -18
13.043906 1329939691.451837 3 0 -18
13.085726 1329939691.459768 2 0 -18
13.085726 1329939691.468262 2 0 -18
13.133955 1329939691.480312 2 0 -18
13.133955 1329939691.485095 2 0 -18
13.160436 1329939691.493283 2 0 -18
13.160436 1329939691.501736 2 0 -18
13.202189 1329939691.509934 2 0 -18
13.202189 1329939691.518124 2 0 -18
13.243835 1329939691.537942 2 0 -18
13.243835 1329939691.553120 2 0 -18
13.287388 1329939691.559461 2 0 -18
13.287388 1329939691.568406 2 0 -18
13.318714 1329939691.576631 2 0 -18
13.318714 1329939691.584689 2 0 -18
13.360153 1329939691.601903 2 0 -18
13.360153 1329939691.609717 2 0 -18
13.401885 1329939691.617848 2 0 -18
13.401885 1329939691.626562 2 0 -18
13.450308 1329939691.634927 2 0 -18
13.450308 1329939691.643137 2 0 -18
13.484960 1329939691.668028 2 0 -18
13.484960 1329939691.680351 2 -1 -18
13.519891 1329939691.686001 2 -1 -18
13.519891 1329939691.693225 1 -1 -18
13.560118 1329939691.701391 1 -1 -18
13.560118 1329939691.709775 2 -1 -18
13.601305 1329939691.731632 2 -1 -18
13.601305 1329939691.734722 2 -1 -18
13.643410 1329939691.742727 2 -1 -18
13.643410 1329939691.751406 1 -1 -18
13.685257 1329939691.760164 1 -1 -18
13.685257 1329939691.767823 1 -1 -18
13.717881 1329939691.776413 1 -1 -18
13.717881 1329939691.784744 1 -1 -18
13.767659 1329939691.792380 1 -1 -18
13.767659 1329939691.801290 1 -1 -18
13.801874 1329939691.809602 1 -1 -18
13.801874 1329939691.817803 1 -1 -18
13.843156 1329939691.826615 1 -1 -18
13.843156 1329939691.836716 1 -1 -18
13.884738 1329939691.842833 1 -1 -18
13.884738 1329939691.851306 2 -1 -18
13.918064 1329939691.859991 2 -1 -18
13.918064 1329939691.868278 2 -1 -18
13.963265 1329939691.876513 2 -1 -18
13.963265 1329939691.892527 2 -1 -18
14.001306 1329939691.907685 1 -1 -18
14.001306 1329939691.910988 1 -1 -18
14.043115 1329939691.917797 1 -1 -18
14.043115 1329939691.925662 1 -1 -18
14.083528 1329939691.934151 1 -1 -18
14.083528 1329939691.942107 1 -1 -18
14.118224 1329939691.958068 1 -1 -18
14.118224 1329939691.961176 1 -1 -18
14.159282 1329939691.975925 1 -1 -18
14.159282 1329939691.984069 1 0 -18
14.201099 1329939691.991797 1 0 -18
14.201099 1329939692.000396 1 0 -18
14.242442 1329939692.012036 1 0 -18
14.242442 1329939692.017108 1 0 -18
14.284774 1329939692.025293 1 0 -18
14.284774 1329939692.034095 1 0 -18
14.326123 1329939692.042149 1 0 -18
14.326123 1329939692.050791 1 0 -18
14.359504 1329939692.058692 1 0 -18
14.359504 1329939692.070478 1 0 -18
14.400624 1329939692.075604 1 0 -18
14.400624 1329939692.084533 1 0 -18
14.453797 1329939692.091789 1 0 -18
14.453797 1329939692.100366 1 0 -18
14.484402 1329939692.108426 1 0 -18
14.484402 1329939692.125139 1 0 -18
14.526313 1329939692.138397 1 -1 -18
14.526313 1329939692.141519 1 -2 -18
14.565038 1329939692.149679 1 -3 -18
14.565038 1329939692.158268 1 -5 -18
14.600909 1329939692.166303 1 -7 -19
14.600909 1329939692.174728 1 -10 -19
14.642930 1329939692.182621 1 -13 -19
14.642930 1329939692.191236 2 -16 -20
14.683959 1329939692.199206 2 -19 -20
14.683959 1329939692.207985 3 -23 -20
14.725761 1329939692.216072 4 -26 -21
14.725761 1329939692.224232 4 -30 -21
14.758677 1329939692.232646 5 -33 -22
14.758677 1329939692.241280 6 -37 -23
14.804307 1329939692.249102 7 -40 -24
14.804307 1329939692.257526 8 -44 -25
14.841071 1329939692.266074 9 -47 -26
14.841071 1329939692.274049 11 -50 -27
14.882217 1329939692.287180 12 -53 -28
14.882217 1329939692.292769 14 -56 -30
14.923469 1329939692.298626 15 -58 -32
14.923469 1329939692.310975 18 -61 -33
14.974358 1329939692.315497 20 -63 -36
14.974358 1329939692.325976 24 -65 -38
14.997989 1329939692.331737 27 -67 -41
14.997989 1329939692.340320 30 -68 -44
15.039490 1329939692.348400 34 -70 -48
15.039490 1329939692.357036 38 -71 -51
15.081344 1329939692.364988 42 -72 -55
15.081344 1329939692.373092 46 -73 -59
15.130295 1329939692.381355 51 -74 -63
15.130295 1329939692.389731 55 -75 -68
15.163879 1329939692.397809 60 -76 -73
15.163879 1329939692.406444 67 -77 -80
15.205712 1329939692.414591 74 -77 -86
15.205712 1329939692.422845 80 -78 -93
15.238997 1329939692.431100 86 -78 -98
15.238997 1329939692.439816 89 -78 -102
15.280562 1329939692.448532 92 -78 -104
15.280562 1329939692.456162 93 -78 -105
15.322243 1329939692.464572 92 -78 -104
15.322243 1329939692.472682 90 -78 -103
15.364348 1329939692.503804 88 -78 -101
15.364348 1329939692.506018 86 -78 -99
15.405420 1329939692.514311 84 -79 -97
15.405420 1329939692.522838 83 -79 -96
15.442375 1329939692.530900 81 -80 -95
15.442375 1329939692.539468 80 -81 -93
15.489382 1329939692.547657 77 -82 -91
15.489382 1329939692.555907 75 -83 -89
15.521776 1329939692.564263 72 -84 -86
15.521776 1329939692.572749 68 -85 -82
15.563469 1329939692.580966 61 -86 -75
15.563469 1329939692.589300 42 -88 -56
15.605266 1329939692.608076 -17 -88 4
15.605266 1329939692.614216 -63 -87 50
15.638612 1329939692.622633 -78 -86 65
15.638612 1329939692.631049 -82 -84 70
15.680212 1329939692.639370 -83 -83 71
15.680212 1329939692.647563 -82 -81 71
15.721804 1329939692.655792 -81 -80 70
15.721804 1329939692.664214 -79 -79 69
15.772562 1329939692.672517 -78 -78 69
15.772562 1329939692.680936 -78 -77 69
15.805239 1329939692.689225 -78 -76 70
15.805239 1329939692.697524 -78 -75 71
15.846633 1329939692.705976 -78 -74 71
15.846633 1329939692.716828 -79 -73 72
15.883467 1329939692.722650 -78 -72 72
15.883467 1329939692.730933 -78 -71 72
15.921765 1329939692.739230 -77 -71 72
15.921765 1329939692.747491 -77 -70 72
15.963372 1329939692.755758 -76 -70 72
15.963372 1329939692.769774 -76 -69 72
16.007215 1329939692.781922 -76 -69 72
16.007215 1329939692.789180 -75 -69 71
16.056037 1329939692.797501 -75 -69 71
16.056037 1329939692.805537 -75 -69 71
16.086503 1329939692.813767 -75 -70 70
16.086503 1329939692.831757 -75 -70 70
16.125428 1329939692.838514 -75 -71 70
16.125428 1329939692.847245 -74 -72 69
16.163588 1329939692.855470 -73 -73 69
16.163588 1329939692.863615 -72 -75 68
16.204796 1329939692.871913 -72 -77 67
16.204796 1329939692.880345 -72 -78 67
16.246239 1329939692.888521 -72 -80 66
16.246239 1329939692.897152 -72 -82 66
16.290367 1329939692.905408 -72 -83 66
16.290367 1329939692.913541 -73 -85 66
16.319437 1329939692.921972 -74 -87 65
16.319437 1329939692.937144 -64 -89 53
16.363068 1329939692.938468 84 -88 -94
16.363068 1329939692.947057 94 -87 -106
16.406030 1329939692.955430 96 -85 -109
16.406030 1329939692.963908 97 -83 -109
16.445819 1329939692.971913 97 -81 -110
16.445819 1329939692.984818 97 -79 -111
16.484375 1329939692.988509 96 -77 -111
16.484375 1329939692.996976 95 -75 -111
16.521624 1329939693.005533 94 -73 -111
16.521624 1329939693.013768 93 -71 -110
16.562865 1329939693.021887 92 -69 -110
16.562865 1329939693.035271 91 -67 -109
16.604466 1329939693.046870 90 -65 -109
16.604466 1329939693.055424 89 -63 -108
16.646131 1329939693.063980 88 -61 -108
16.646131 1329939693.071939 87 -60 -107
16.679436 1329939693.080172 86 -58 -107
16.679436 1329939693.088753 85 -56 -106
16.721261 1329939693.101910 84 -55 -106
16.721261 1329939693.105475 84 -54 -106
16.762986 1329939693.113718 83 -52 -106
16.762986 1329939693.121952 82 -51 -105
16.805337 1329939693.130046 81 -50 -105
16.805337 1329939693.138559 81 -49 -105
16.846156 1329939693.146925 80 -49 -105
16.846156 1329939693.155318 79 -48 -104
16.879454 1329939693.163735 78 -48 -104
16.879454 1329939693.171906 77 -47 -103
16.922025 1329939693.189508 76 -48 -102
16.922025 1329939693.190431 75 -48 -102
16.962252 1329939693.196791 74 -48 -101
16.962252 1329939693.210611 73 -49 -101
17.004137 1329939693.213688 72 -50 -100
17.004137 1329939693.221894 71 -51 -100
17.045779 1329939693.230212 71 -53 -100
17.045779 1329939693.238711 70 -54 -100
17.079126 1329939693.246872 70 -55 -99
17.079126 1329939693.265971 70 -57 -99
17.120795 1329939693.271879 70 -58 -98
17.120795 1329939693.280388 70 -60 -98
17.162260 1329939693.288441 70 -61 -97
17.162260 1329939693.297055 70 -63 -97
17.203656 1329939693.305042 70 -65 -96
17.203656 1329939693.313610 70 -66 -95
17.245282 1329939693.322057 70 -68 -94
17.245282 1329939693.330171 70 -70 -93
17.278917 1329939693.338585 70 -71 -91
17.278917 1329939693.347069 69 -73 -89
17.320374 1329939693.363710 68 -75 -87
17.320374 1329939693.371835 67 -77 -85
17.363961 1329939693.380296 65 -78 -82
17.363961 1329939693.388527 62 -80 -77
17.403578 1329939693.396711 56 -82 -71
17.403578 1329939693.405275 48 -83 -62
17.445183 1329939693.413531 35 -85 -49
17.445183 1329939693.421830 17 -85 -30
17.478522 1329939693.430295 -7 -86 -4
17.478522 1329939693.438376 -30 -85 18
17.519915 1329939693.446782 -46 -85 35
17.519915 1329939693.455183 -56 -83 45
17.561501 1329939693.464025 -62 -82 51
17.561501 1329939693.471789 -65 -81 54
17.603422 1329939693.486050 -66 -80 56
17.603422 1329939693.488422 -67 -78 57
17.645182 1329939693.496706 -68 -77 58
17.645182 1329939693.505262 -68 -77 59
17.678062 1329939693.513393 -68 -76 59
17.678062 1329939693.521862 -68 -75 60
17.720216 1329939693.535500 -68 -74 60
17.720216 1329939693.547393 -68 -73 61
17.759527 1329939693.554943 -68 -73 61
17.759527 1329939693.563573 -69 -72 62
17.803150 1329939693.571654 -69 -72 62
17.803150 1329939693.580057 -68 -71 62
17.844875 1329939693.588430 -68 -71 61
17.844875 1329939693.605561 -67 -71 61
17.878329 1329939693.613257 -67 -71 60
17.878329 1329939693.621848 -66 -72 60
17.919791 1329939693.629718 -65 -72 58
17.919791 1329939693.638276 -63 -73 57
17.961071 1329939693.646661 -62 -74 56
17.961071 1329939693.662694 -61 -75 54
18.002899 1329939693.663580 -61 -76 53
18.002899 1329939693.671708 -60 -77 52
18.038883 1329939693.679857 -60 -78 51
18.038883 1329939693.689132 -60 -79 50
18.078451 1329939693.696702 -60 -80 49
18.078451 1329939693.704845 -59 -82 47
18.119491 1329939693.721965 -58 -83 44
18.119491 1329939693.732259 -54 -85 39
18.160934 1329939693.737995 -44 -87 27
18.160934 1329939693.746527 -10 -88 -7
18.202960 1329939693.754820 41 -87 -60
18.202960 1329939693.762796 66 -86 -86
18.240265 1329939693.780238 77 -84 -98
18.240265 1329939693.788358 82 -83 -104
18.277809 1329939693.796324 85 -81 -107
18.277809 1329939693.804678 87 -79 -109
18.319615 1329939693.812810 87 -78 -111
18.319615 1329939693.821460 88 -76 -112
18.360723 1329939693.835403 89 -75 -114
18.360723 1329939693.839047 89 -73 -115
18.402520 1329939693.846109 89 -72 -116
18.402520 1329939693.863315 90 -71 -116
18.446863 1329939693.870994 89 -70 -117
18.446863 1329939693.879759 89 -70 -118
18.485889 1329939693.889048 89 -69 -118
18.485889 1329939693.896110 88 -69 -118
18.519156 1329939693.904486 87 -68 -117
18.519156 1329939693.912840 85 -68 -116
18.562525 1329939693.921014 83 -68 -115
18.562525 1329939693.929701 82 -67 -114
18.602830 1329939693.937782 80 -67 -112
18.602830 1329939693.947802 78 -67 -110
18.644085 1329939693.954258 76 -67 -109
18.644085 1329939693.964132 74 -66 -107
18.686046 1329939693.970983 72 -66 -106
18.686046 1329939693.979670 70 -67 -104
18.719268 1329939693.989739 68 -67 -101
18.719268 1329939693.996031 65 -67 -98
18.758331 1329939694.004310 63 -67 -95
18.758331 1329939694.012700 60 -67 -91
18.806837 1329939694.020960 56 -67 -88
18.806837 1329939694.029431 54 -67 -85
18.848634 1329939694.042302 51 -67 -82
18.848634 1329939694.045810 48 -67 -79
18.877951 1329939694.054110 44 -67 -75
18.877951 1329939694.066518 41 -66 -72
18.919437 1329939694.070764 39 -66 -69
18.919437 1329939694.087530 36 -65 -66
18.960899 1329939694.097927 33 -64 -62
18.960899 1329939694.104449 30 -63 -60
19.003269 1329939694.112519 28 -62 -58
19.003269 1329939694.122218 26 -62 -56
19.044638 1329939694.128976 24 -61 -53
19.044638 1329939694.144507 22 -60 -51
19.078205 1329939694.145846 20 -59 -49
19.078205 1329939694.157070 19 -57 -48
19.120484 1329939694.162307 17 -55 -46
19.120484 1329939694.170955 16 -53 -44
19.162155 1329939694.179007 15 -51 -43
19.162155 1329939694.187536 14 -49 -42
19.203357 1329939694.195894 14 -47 -41
19.203357 1329939694.207645 13 -44 -40
19.245653 1329939694.214324 12 -42 -38
19.245653 1329939694.221175 12 -40 -37
19.278909 1329939694.234192 12 -38 -36
19.278909 1329939694.237497 12 -36 -36
19.320678 1329939694.245664 11 -34 -35
19.320678 1329939694.254183 11 -33 -34
19.376100 1329939694.262328 10 -32 -33
19.376100 1329939694.270758 9 -30 -32
19.402810 1329939694.279320 8 -29 -32
19.402810 1329939694.287564 7 -27 -31
19.445364 1329939694.295861 6 -26 -30
19.445364 1329939694.304229 5 -26 -29
19.479004 1329939694.317941 4 -25 -29
19.479004 1329939694.322634 4 -24 -28
19.520673 1329939694.329135 3 -22 -28
19.520673 1329939694.337498 3 -21 -27
19.562763 1329939694.345814 3 -20 -27
19.562763 1329939694.354132 2 -20 -27
19.612426 1329939694.369620 2 -19 -26
19.612426 1329939694.379894 1 -18 -26
19.645871 1329939694.387573 1 -17 -26
19.645871 1329939694.395832 1 -16 -26
19.679242 1329939694.404113 0 -15 -26
19.679242 1329939694.412548 0 -14 -26
19.720538 1329939694.420790 0 -13 -26
19.720538 1329939694.429091 0 -13 -26
19.760726 1329939694.437468 0 -12 -25
19.760726 1329939694.445780 0 -11 -25
19.807206 1329939694.454008 1 -11 -25
19.807206 1329939694.462566 1 -10 -25
19.845244 1329939694.470628 1 -10 -25
19.845244 1329939694.479045 1 -9 -25
19.889096 1329939694.487337 1 -9 -25
19.889096 1329939694.495878 1 -9 -25
19.920482 1329939694.503935 1 -8 -25
19.920482 1329939694.512277 1 -8 -25
19.976527 1329939694.520752 1 -8 -25
19.976527 1329939694.530829 1 -7 -25
20.003316 1329939694.537308 1 -7 -25
20.003316 1329939694.545860 1 -7 -25
20.043618 1329939694.553892 1 -6 -25
20.043618 1329939694.562371 1 -6 -25
20.078233 1329939694.570631 1 -6 -25
20.078233 1329939694.582652 1 -6 -25
20.119603 1329939694.589014 1 -6 -25
20.119603 1329939694.595747 1 -6 -25
20.161465 1329939694.604763 1 -6 -26
20.161465 1329939694.615080 1 -6 -26
20.210906 1329939694.620454 1 -5 -26
20.210906 1329939694.628961 1 -5 -26
20.244387 1329939694.637173 1 -5 -26
20.244387 1329939694.645761 1 -5 -26
20.285994 1329939694.653956 1 -5 -26
20.285994 1329939694.662401 1 -5 -26
20.319576 1329939694.670781 1 -5 -26
20.319576 1329939694.679232 1 -5 -26
20.361310 1329939694.687783 1 -5 -26
20.361310 1329939694.695987 1 -5 -26
20.403016 1329939694.704052 1 -5 -26
20.403016 1329939694.712410 1 -5 -26
20.448093 1329939694.720866 1 -5 -26
20.448093 1329939694.729367 1 -5 -26
20.482230 1329939694.740696 1 -5 -26
20.482230 1329939694.745964 1 -5 -26
20.527559 1329939694.756050 1 -5 -26
20.527559 1329939694.762248 1 -5 -26
20.563562 1329939694.770801 1 -5 -26
20.563562 1329939694.779121 1 -5 -26
20.603388 1329939694.787409 1 -5 -26
20.603388 1329939694.795897 1 -5 -26
20.644602 1329939694.804037 1 -5 -26
20.644602 1329939694.812647 1 -5 -26
20.677988 1329939694.820837 1 -5 -26
20.677988 1329939694.830594 1 -5 -26
20.719649 1329939694.837203 1 -5 -26
20.719649 1329939694.845905 1 -5 -26
20.767919 1329939694.853912 1 -5 -26
20.767919 1329939694.862278 1 -5 -26
20.803099 1329939694.870769 1 -5 -26
20.803099 1329939694.879186 1 -5 -26
20.844992 1329939694.887327 1 -5 -26
20.844992 1329939694.916464 1 -4 -26
20.890704 1329939694.926626 1 -4 -26
20.890704 1329939694.929037 1 -4 -26
20.920021 1329939694.937181 1 -4 -26
20.920021 1329939694.951452 1 -4 -26
20.961358 1329939694.953789 1 -4 -26
20.961358 1329939694.962342 1 -4 -26
21.002718 1329939694.970533 1 -4 -26
21.002718 1329939694.978940 1 -4 -26
21.047761 1329939694.987141 1 -4 -26
21.047761 1329939694.995665 1 -4 -26
21.100832 1329939695.004030 1 -4 -26
21.100832 1329939695.012330 1 -4 -26
21.119350 1329939695.021674 1 -4 -25
21.119350 1329939695.028733 1 -4 -25
21.160890 1329939695.037035 1 -4 -25
21.160890 1329939695.045216 1 -3 -25
21.202588 1329939695.053665 1 -3 -25
21.202588 1329939695.067687 1 -3 -25
21.246173 1329939695.069950 1 -3 -25
21.246173 1329939695.078858 1 -3 -25
21.285537 1329939695.092315 1 -3 -25
21.285537 1329939695.095102 1 -3 -25
21.325654 1329939695.103588 1 -3 -25
21.325654 1329939695.118488 1 -3 -25
21.360581 1329939695.128763 1 -3 -25
21.360581 1329939695.137012 1 -3 -25
21.402409 1329939695.144956 1 -3 -25
21.402409 1329939695.153475 1 -3 -25
21.443933 1329939695.161897 1 -3 -25
21.443933 1329939695.170090 1 -3 -25
21.485412 1329939695.179616 1 -3 -25
21.485412 1329939695.186883 1 -3 -25
21.518957 1329939695.194864 1 -3 -25
21.518957 1329939695.203351 1 -3 -25
21.560269 1329939695.211808 1 -3 -25
21.560269 1329939695.220074 1 -3 -25
21.602179 1329939695.229719 1 -3 -25
21.602179 1329939695.236834 1 -3 -25
21.644053 1329939695.245571 1 -3 -25
21.644053 1329939695.253372 1 -3 -25
21.685725 1329939695.270069 1 -3 -25
21.685725 1329939695.278277 1 -3 -25
21.719074 1329939695.292353 1 -3 -25
21.719074 1329939695.302631 1 -3 -25
21.760531 1329939695.303474 1 -3 -25
21.760531 1329939695.311831 1 -3 -25
21.802108 1329939695.319911 1 -3 -25
21.802108 1329939695.328238 0 -3 -24
21.843965 1329939695.336670 0 -3 -24
21.843965 1329939695.344891 0 -3 -24
21.882913 1329939695.354746 0 -3 -24
21.882913 1329939695.361520 0 -3 -24
21.918968 1329939695.370452 0 -3 -24
21.918968 1329939695.378117 0 -3 -24
21.960233 1329939695.386260 0 -3 -24
21.960233 1329939695.394681 0 -4 -24
22.002699 1329939695.405256 0 -5 -24
22.002699 1329939695.415545 0 -5 -24
22.043866 1329939695.419520 0 -7 -24
22.043866 1329939695.427968 1 -8 -24
22.085311 1329939695.436325 1 -10 -24
22.085311 1329939695.444579 1 -12 -24
22.118992 1329939695.453931 1 -14 -24
22.118992 1329939695.461284 1 -16 -24
22.159983 1329939695.469543 1 -18 -24
22.159983 1329939695.477767 2 -21 -24
22.201700 1329939695.485997 2 -23 -24
22.201700 1329939695.494573 2 -26 -25
22.242998 1329939695.502778 2 -28 -25
22.242998 1329939695.511078 3 -31 -25
22.284690 1329939695.519454 4 -34 -26
22.284690 1329939695.534516 4 -37 -26
22.325571 1329939695.536066 5 -39 -27
22.325571 1329939695.544510 5 -42 -28
22.358798 1329939695.552776 6 -44 -28
22.358798 1329939695.567449 6 -46 -29
22.398886 1329939695.569280 7 -49 -30
22.398886 1329939695.577890 8 -51 -30
22.441006 1329939695.586122 9 -53 -31
22.441006 1329939695.594877 10 -55 -32
22.482613 1329939695.602635 12 -56 -33
22.482613 1329939695.616672 13 -58 -34
22.523935 1329939695.628639 15 -59 -36
22.523935 1329939695.636073 17 -60 -37
22.565337 1329939695.644420 19 -61 -38
22.565337 1329939695.652852 21 -61 -40
22.604420 1329939695.660873 23 -62 -41
22.604420 1329939695.669393 25 -63 -43
22.640986 1329939695.687577 27 -64 -45
22.640986 1329939695.694415 29 -65 -47
22.682340 1329939695.702720 31 -65 -49
22.682340 1329939695.710999 33 -66 -50
22.723234 1329939695.719123 35 -66 -52
22.723234 1329939695.727534 37 -67 -54
22.764771 1329939695.741885 39 -67 -56
22.764771 1329939695.744382 41 -68 -57
22.798335 1329939695.752675 42 -68 -59
22.798335 1329939695.761265 44 -69 -60
22.839812 1329939695.769095 45 -69 -60
22.839812 1329939695.777663 45 -70 -61
22.880113 1329939695.806096 46 -70 -61
22.880113 1329939695.815749 46 -71 -61
22.923142 1329939695.819195 46 -71 -61
22.923142 1329939695.827723 46 -72 -61
22.964608 1329939695.835737 46 -72 -61
22.964608 1329939695.844017 46 -73 -61
23.022996 1329939695.852730 45 -74 -60
23.022996 1329939695.867326 45 -75 -59
23.039628 1329939695.879539 43 -76 -57
23.039628 1329939695.900157 41 -77 -55
23.092159 1329939695.910189 39 -78 -53
23.092159 1329939695.911152 35 -78 -49
23.122772 1329939695.919327 31 -79 -45
23.122772 1329939695.927635 26 -80 -40
23.164428 1329939695.935742 21 -81 -34
23.164428 1329939695.944311 15 -81 -28
23.203182 1329939695.952460 8 -81 -21
23.203182 1329939695.960832 1 -81 -14
23.239522 1329939695.969259 -4 -81 -8
23.239522 1329939695.977695 -10 -80 -2
23.280998 1329939695.985829 -15 -80 3
23.280998 1329939695.994331 -21 -79 8
23.318256 1329939696.002449 -26 -79 14
23.318256 1329939696.011031 -31 -78 19
23.364298 1329939696.019192 -36 -78 23
23.364298 1329939696.027751 -39 -77 27
23.397508 1329939696.035750 -42 -76 30
23.397508 1329939696.046801 -45 -76 33
23.439128 1329939696.052479 -47 -75 35
23.439128 1329939696.060795 -49 -75 37
23.480736 1329939696.069184 -51 -74 40
23.480736 1329939696.077707 -53 -73 42
23.522549 1329939696.085716 -55 -73 44
23.522549 1329939696.098034 -57 -72 46
23.564201 1329939696.127977 -58 -72 48
23.564201 1329939696.139687 -59 -71 49
23.605777 1329939696.143948 -59 -71 49
23.605777 1329939696.152550 -58 -70 49
23.639079 1329939696.160739 -57 -69 48
23.639079 1329939696.169277 -56 -68 47
23.680790 1329939696.188201 -55 -68 47
23.680790 1329939696.194085 -55 -67 46
23.722394 1329939696.202574 -54 -67 45
23.722394 1329939696.210773 -53 -66 45
23.764066 1329939696.219114 -53 -66 45
23.764066 1329939696.227687 -53 -65 45
23.802536 1329939696.239549 -53 -65 45
23.802536 1329939696.245477 -53 -65 44
23.839225 1329939696.252406 -52 -65 44
23.839225 1329939696.261220 -52 -65 44
23.880803 1329939696.268953 -52 -64 44
23.880803 1329939696.277539 -52 -64 44
23.922314 1329939696.285521 -52 -64 44
23.922314 1329939696.298788 -52 -65 44
23.961714 1329939696.302242 -52 -65 44
23.961714 1329939696.310754 -52 -65 44
24.005445 1329939696.318991 -52 -65 44
24.005445 1329939696.327211 -53 -66 44
24.038611 1329939696.335432 -53 -66 44
24.038611 1329939696.347976 -53 -67 45
24.086989 1329939696.359804 -54 -67 45
24.086989 1329939696.360827 -54 -68 45
24.122209 1329939696.368816 -55 -69 45
24.122209 1329939696.377357 -56 -69 46
24.163569 1329939696.385575 -56 -70 46
24.163569 1329939696.393880 -56 -70 46
24.208096 1329939696.410680 -57 -71 46
24.208096 1329939696.422394 -57 -72 46
24.238358 1329939696.427112 -58 -73 46
24.238358 1329939696.435599 -58 -74 46
24.279985 1329939696.443682 -58 -75 46
24.279985 1329939696.452245 -58 -75 46
24.321619 1329939696.460417 -58 -76 45
24.321619 1329939696.471279 -58 -78 45
24.363269 1329939696.476922 -58 -79 45
24.363269 1329939696.485475 -58 -80 44
24.406202 1329939696.493539 -57 -81 43
24.406202 1329939696.501977 -55 -82 40
24.441555 1329939696.510919 -52 -82 37
24.441555 1329939696.531411 -49 -83 33
24.479849 1329939696.535266 -44 -84 27
24.479849 1329939696.543705 -37 -85 20
24.521716 1329939696.551861 -26 -86 8
24.521716 1329939696.560492 -10 -86 -8
24.562897 1329939696.568464 11 -87 -31
24.562897 1329939696.576996 35 -86 -55
24.608835 1329939696.585186 51 -86 -71
24.608835 1329939696.593577 61 -85 -82
24.637792 1329939696.601763 68 -84 -88
24.637792 1329939696.610202 71 -83 -92
24.679769 1329939696.618437 73 -82 -94
24.679769 1329939696.626887 75 -80 -96
24.720996 1329939696.635925 76 -79 -97
24.720996 1329939696.643528 77 -78 -99
24.762950 1329939696.651935 78 -77 -101
24.762950 1329939696.659812 80 -76 -102
24.804457 1329939696.672910 81 -74 -104
24.804457 1329939696.676717 82 -73 -105
24.837751 1329939696.686159 83 -72 -106
24.837751 1329939696.693464 83 -71 -107
24.879701 1329939696.701670 84 -69 -108
24.879701 1329939696.709888 84 -68 -108
24.918170 1329939696.718241 84 -67 -109
24.918170 1329939696.726855 84 -66 -109
24.962896 1329939696.740465 84 -65 -108
24.962896 1329939696.743220 83 -64 -108
25.004176 1329939696.751682 83 -63 -108
25.004176 1329939696.761255 83 -62 -107
25.043945 1329939696.768211 83 -61 -107
25.043945 1329939696.785433 82 -60 -107
25.088585 1329939696.805903 82 -59 -107
25.088585 1329939696.815636 81 -58 -106
25.121537 1329939696.818090 81 -58 -106
25.121537 1329939696.826646 80 -57 -105
25.163090 1329939696.834867 80 -56 -105
25.163090 1329939696.844693 80 -56 -105
25.204479 1329939696.851289 79 -55 -104
25.204479 1329939696.865959 79 -55 -104
25.237764 1329939696.868144 79 -55 -104
25.237764 1329939696.876540 78 -55 -103
25.279631 1329939696.885007 78 -55 -103
25.279631 1329939696.893084 78 -55 -103
25.321491 1329939696.901280 77 -55 -103
25.321491 1329939696.909740 77 -55 -103
25.362767 1329939696.926177 76 -55 -103
25.362767 1329939696.926893 76 -56 -102
25.404524 1329939696.934728 75 -56 -102
25.404524 1329939696.943009 75 -57 -102
25.437778 1329939696.951231 75 -57 -101
25.437778 1329939696.959796 74 -58 -101
25.479379 1329939696.972051 74 -58 -101
25.479379 1329939696.976374 75 -59 -101
25.524905 1329939696.984818 75 -60 -101
25.524905 1329939696.993132 75 -61 -101
25.562409 1329939697.001237 75 -61 -100
25.562409 1329939697.009596 75 -62 -100
25.604039 1329939697.019866 75 -63 -100
25.604039 1329939697.026637 76 -64 -99
25.645227 1329939697.034881 76 -65 -99
25.645227 1329939697.043125 76 -67 -99
25.678638 1329939697.051260 76 -68 -98
25.678638 1329939697.059540 75 -69 -98
25.742171 1329939697.075994 75 -70 -97
25.742171 1329939697.076851 75 -71 -96
25.761580 1329939697.084654 74 -73 -95
25.761580 1329939697.092993 74 -74 -94
25.814650 1329939697.101135 73 -75 -93
25.814650 1329939697.109688 72 -77 -91
25.845037 1329939697.118168 70 -78 -89
25.845037 1329939697.132079 68 -79 -87
25.878469 1329939697.136066 66 -80 -84
25.878469 1329939697.142734 63 -82 -81
25.920101 1329939697.151425 60 -83 -77
25.920101 1329939697.159685 54 -84 -71
25.961759 1329939697.173161 45 -85 -62
25.961759 1329939697.185530 30 -86 -47
26.003054 1329939697.192801 8 -87 -24
26.003054 1329939697.206444 -17 -87 1
26.044980 1329939697.209362 -37 -86 22
26.044980 1329939697.217737 -50 -85 34
26.078411 1329939697.226395 -57 -84 42
26.078411 1329939697.234578 -63 -83 48
26.119900 1329939697.244684 -68 -82 53
26.119900 1329939697.252035 -71 -81 57
26.161491 1329939697.261091 -73 -80 59
26.161491 1329939697.267766 -75 -79 61
26.203129 1329939697.282723 -77 -78 63
26.203129 1329939697.284569 -78 -77 65
26.242968 1329939697.296322 -79 -76 66
26.242968 1329939697.301080 -79 -75 67
26.277982 1329939697.309566 -80 -74 68
26.277982 1329939697.317753 -80 -74 68
26.319869 1329939697.331482 -79 -73 68
26.319869 1329939697.334571 -79 -72 68
26.361389 1329939697.345181 -78 -72 68
26.361389 1329939697.351007 -78 -71 68
26.403093 1329939697.359375 -77 -70 68
26.403093 1329939697.367735 -77 -70 67
26.437812 1329939697.376289 -76 -69 67
26.437812 1329939697.384450 -75 -69 66
26.477791 1329939697.392746 -75 -69 66
26.477791 1329939697.400991 -74 -68 65
26.521158 1329939697.409336 -74 -68 64
26.521158 1329939697.418023 -73 -67 63
26.562834 1329939697.426410 -73 -67 63
26.562834 1329939697.442127 -72 -67 62
26.602873 1329939697.443154 -72 -66 62
26.602873 1329939697.454800 -72 -66 62
26.644506 1329939697.459498 -72 -66 61
26.644506 1329939697.468008 -72 -66 61
26.677967 1329939697.476489 -72 -66 60
26.677967 1329939697.484862 -72 -66 60
26.719519 1329939697.493172 -72 -66 60
26.719519 1329939697.503464 -72 -66 59
26.757809 1329939697.511087 -72 -67 59
26.757809 1329939697.518097 -71 -67 59
26.797851 1329939697.527123 -71 -67 58
26.797851 1329939697.534679 -71 -68 58
26.844232 1329939697.551757 -71 -69 58
26.844232 1329939697.560122 -72 -70 58
26.881881 1329939697.567932 -72 -71 58
26.881881 1329939697.576227 -72 -72 58
26.919032 1329939697.584607 -72 -73 58
26.919032 1329939697.593088 -73 -74 58
26.960732 1329939697.601365 -74 -75 58
26.960732 1329939697.609612 -74 -76 58
27.008759 1329939697.618040 -74 -77 58
27.008759 1329939697.626112 -74 -79 57
27.043890 1329939697.636264 -73 -80 56
27.043890 1329939697.642913 -72 -81 54
27.078133 1329939697.652067 -71 -83 53
27.078133 1329939697.659397 -70 -84 52
27.118950 1329939697.667931 -69 -86 50
27.118950 1329939697.676086 -64 -87 44
27.162349 1329939697.684605 -39 -89 19
27.162349 1329939697.693156 60 -88 -80
27.203117 1329939697.701288 82 -87 -102
27.203117 1329939697.709535 87 -86 -107
27.243359 1329939697.725550 89 -84 -109
27.243359 1329939697.727046 90 -83 -110
27.289001 1329939697.734856 91 -81 -111
27.289001 1329939697.744977 91 -80 -112
27.324525 1329939697.751572 91 -78 -112
27.324525 1329939697.759749 92 -77 -113
27.360372 1329939697.793491 92 -75 -113
27.360372 1329939697.801565 92 -74 -113
27.401884 1329939697.810017 92 -72 -113
27.401884 1329939697.818042 91 -71 -114
27.443352 1329939697.826779 91 -70 -114
27.443352 1329939697.834581 91 -68 -114
27.485422 1329939697.842992 91 -67 -115
27.485422 1329939697.851563 91 -66 -115
27.518655 1329939697.859797 91 -65 -115
27.518655 1329939697.868296 90 -64 -115
27.566973 1329939697.877055 90 -63 -115
27.566973 1329939697.884948 89 -62 -114
27.602094 1329939697.893115 89 -61 -114
27.602094 1329939697.902566 88 -61 -113
27.643865 1329939697.910169 88 -60 -113
27.643865 1329939697.918600 87 -60 -113
27.677316 1329939697.926679 86 -59 -112
27.677316 1329939697.942140 85 -59 -112
27.719057 1329939697.943976 84 -59 -111
27.719057 1329939697.957383 83 -59 -111
27.760427 1329939697.959936 82 -59 -110
27.760427 1329939697.968325 81 -59 -110
27.802310 1329939697.976953 80 -59 -110
27.802310 1329939697.984913 79 -60 -109
27.843609 1329939697.993305 78 -60 -108
27.843609 1329939698.001931 76 -61 -107
27.879181 1329939698.010241 75 -61 -106
27.879181 1329939698.018542 73 -62 -105
27.918396 1329939698.026781 71 -62 -104
27.918396 1329939698.035131 69 -62 -102
27.960230 1329939698.043446 67 -63 -100
27.960230 1329939698.051975 64 -63 -97
28.001831 1329939698.060627 62 -63 -95
28.001831 1329939698.068684 59 -63 -92
28.040332 1329939698.077341 56 -63 -89
28.040332 1329939698.085321 52 -63 -85
28.076594 1329939698.093613 48 -63 -82
28.076594 1329939698.102080 45 -62 -78
28.118730 1329939698.110790 41 -62 -75
28.118730 1329939698.118790 38 -61 -71
28.158684 1329939698.127541 35 -60 -68
28.158684 1329939698.135525 32 -59 -65
28.203998 1329939698.143716 30 -58 -62
28.203998 1329939698.152291 28 -56 -60
28.242555 1329939698.160865 26 -55 -58
28.242555 1329939698.168909 24 -54 -56
28.277862 1329939698.177652 22 -52 -54
28.277862 1329939698.185633 20 -51 -52
28.320123 1329939698.193743 19 -50 -51
28.320123 1329939698.202411 18 -49 -50
28.361864 1329939698.211118 17 -47 -48
28.361864 1329939698.219140 16 -46 -47
28.405265 1329939698.227740 15 -44 -46
28.405265 1329939698.235981 15 -43 -45
28.445123 1329939698.244139 14 -42 -44
28.445123 1329939698.252624 13 -41 -43
28.478707 1329939698.261649 12 -40 -42
28.478707 1329939698.269588 11 -39 -41
28.519926 1329939698.278066 9 -38 -40
28.519926 1329939698.285963 8 -37 -39
28.561833 1329939698.294339 7 -36 -38
28.561833 1329939698.302735 6 -35 -37
28.603718 1329939698.311238 5 -34 -36
28.603718 1329939698.319185 5 -32 -36
28.645428 1329939698.327596 4 -31 -35
28.645428 1329939698.336085 4 -29 -35
28.678742 1329939698.344296 4 -28 -34
28.678742 1329939698.352467 4 -27 -34
28.720354 1329939698.370336 4 -26 -34
28.720354 1329939698.402731 4 -25 -34
28.762013 1329939698.415601 4 -23 -33
28.762013 1329939698.421268 4 -22 -33
28.803067 1329939698.427701 3 -21 -32
28.803067 1329939698.436104 3 -20 -32
28.839527 1329939698.444615 3 -19 -32
28.839527 1329939698.466713 3 -19 -31
28.887123 1329939698.470212 3 -18 -31
28.887123 1329939698.478118 3 -18 -31
28.919718 1329939698.486033 3 -17 -30
28.919718 1329939698.494849 2 -17 -30
28.961131 1329939698.503024 2 -16 -30
28.961131 1329939698.524305 2 -16 -30
29.002928 1329939698.537156 2 -15 -30
29.002928 1329939698.544589 2 -15 -30
29.044998 1329939698.552701 2 -14 -30
29.044998 1329939698.561132 1 -14 -30
29.078204 1329939698.569461 1 -13 -30
29.078204 1329939698.577347 1 -13 -30
29.119424 1329939698.586077 1 -13 -30
29.119424 1329939698.594381 1 -12 -30
29.161149 1329939698.602462 1 -12 -30
29.161149 1329939698.610846 1 -12 -30
29.203156 1329939698.619296 1 -11 -30
29.203156 1329939698.627376 1 -11 -30
29.244581 1329939698.636070 1 -11 -30
29.244581 1329939698.644320 1 -10 -30
29.277930 1329939698.652604 1 -10 -30
29.277930 1329939698.661016 1 -10 -31
29.319280 1329939698.669413 1 -9 -31
29.319280 1329939698.677238 2 -9 -31
29.360983 1329939698.694263 2 -9 -31
29.360983 1329939698.718213 2 -9 -31
29.402813 1329939698.733003 2 -8 -31
29.402813 1329939698.736261 2 -8 -31
29.444596 1329939698.744523 2 -8 -31
29.444596 1329939698.752535 2 -8 -31
29.477488 1329939698.761257 2 -8 -31
29.477488 1329939698.769533 2 -8 -31
29.519663 1329939698.777839 2 -8 -31
29.519663 1329939698.786085 2 -8 -31
29.567978 1329939698.794672 2 -7 -31
29.567978 1329939698.802501 2 -7 -31
29.602738 1329939698.810947 2 -7 -31
29.602738 1329939698.819393 2 -7 -31
29.644113 1329939698.827627 2 -7 -31
29.644113 1329939698.835828 2 -7 -31
29.677612 1329939698.844442 2 -7 -31
29.677612 1329939698.852438 2 -7 -31
29.719198 1329939698.861395 2 -7 -31
29.719198 1329939698.880844 2 -7 -31
29.767921 1329939698.886012 2 -7 -31
29.767921 1329939698.894312 2 -7 -31
29.802337 1329939698.902430 2 -7 -32
29.802337 1329939698.910852 2 -7 -31
29.843739 1329939698.926301 2 -7 -31
29.843739 1329939698.929555 2 -7 -31
29.879387 1329939698.935821 2 -7 -31
29.879387 1329939698.944184 2 -7 -31
29.918875 1329939698.952585 2 -7 -31
29.918875 1329939698.960852 2 -7 -31
29.960394 1329939698.968770 2 -6 -31
29.960394 1329939698.983526 2 -6 -31
30.002389 1329939698.986809 2 -6 -31
30.002389 1329939698.993927 2 -6 -31
30.043532 1329939699.002145 2 -6 -31
30.043532 1329939699.010433 2 -6 -31
30.085624 1329939699.018841 2 -6 -31
30.085624 1329939699.027036 2 -6 -31
30.118555 1329939699.035463 2 -6 -31
30.118555 1329939699.043670 2 -6 -31
30.160282 1329939699.052226 2 -6 -31
30.160282 1329939699.060333 2 -6 -31
30.202061 1329939699.068866 2 -6 -31
30.202061 1329939699.079134 2 -6 -31
30.237761 1329939699.085314 2 -6 -31
30.237761 1329939699.093624 2 -6 -31
30.288338 1329939699.102135 2 -5 -31
30.288338 1329939699.110247 2 -5 -31
30.318775 1329939699.118573 2 -5 -31
30.318775 1329939699.132753 2 -5 -31
30.359642 1329939699.135754 2 -5 -31
30.359642 1329939699.143482 2 -5 -31
30.401937 1329939699.151750 1 -5 -31
30.401937 1329939699.160386 1 -5 -31
30.447013 1329939699.168326 1 -5 -31
30.447013 1329939699.176819 1 -5 -31
30.490915 1329939699.187166 1 -5 -31
30.490915 1329939699.193463 1 -5 -31
30.518231 1329939699.201628 1 -5 -30
30.518231 1329939699.210085 1 -5 -30
30.560041 1329939699.218506 1 -5 -30
30.560041 1329939699.227015 1 -5 -30
30.600873 1329939699.243488 1 -5 -30
30.600873 1329939699.255656 1 -5 -30
30.642926 1329939699.260701 1 -5 -30
30.642926 1329939699.268504 1 -5 -30
30.685220 1329939699.276984 1 -5 -30
30.685220 1329939699.285327 1 -5 -30
30.726037 1329939699.306214 1 -4 -30
30.726037 1329939699.311959 1 -4 -30
30.759603 1329939699.318489 1 -4 -30
30.759603 1329939699.326491 1 -4 -30
30.801509 1329939699.335495 1 -4 -30
30.801509 1329939699.343547 1 -4 -30
30.842635 1329939699.351847 1 -4 -30
30.842635 1329939699.360126 1 -4 -30
30.896970 1329939699.368658 1 -4 -30
30.896970 1329939699.376422 1 -4 -30
30.917743 1329939699.385191 1 -4 -30
30.917743 1329939699.393581 1 -4 -30
30.965042 1329939699.401740 1 -4 -30
30.965042 1329939699.419028 1 -4 -29
31.001136 1329939699.441795 1 -4 -29
31.001136 1329939699.444744 1 -4 -29
31.042738 1329939699.451818 1 -4 -29
31.042738 1329939699.460508 1 -4 -29
31.084287 1329939699.468383 1 -4 -29
31.084287 1329939699.476365 1 -4 -29
31.117742 1329939699.492500 1 -4 -29
31.117742 1329939699.497273 1 -4 -29
31.159940 1329939699.501695 1 -4 -29
31.159940 1329939699.510207 1 -5 -29
31.201514 1329939699.518549 2 -5 -29
31.201514 1329939699.526598 2 -6 -29
31.245305 1329939699.535231 2 -7 -29
31.245305 1329939699.543381 2 -8 -29
31.284531 1329939699.551774 2 -10 -29
31.284531 1329939699.560372 2 -12 -30
31.317872 1329939699.568516 3 -14 -30
31.317872 1329939699.576455 3 -17 -30
31.359057 1329939699.585147 3 -20 -30
31.359057 1329939699.595310 4 -22 -30
31.400589 1329939699.601679 4 -25 -30
31.400589 1329939699.609992 4 -29 -30
31.442414 1329939699.618372 5 -32 -31
31.442414 1329939699.626596 5 -35 -31
31.482942 1329939699.634670 5 -38 -31
31.482942 1329939699.648896 5 -42 -32
31.529232 1329939699.651895 6 -45 -32
31.529232 1329939699.659477 6 -47 -33
31.579177 1329939699.668180 6 -50 -33
31.579177 1329939699.676680 6 -53 -34
31.604470 1329939699.684814 7 -55 -34
31.604470 1329939699.693024 8 -57 -35
31.640130 1329939699.702477 9 -58 -36
31.640130 1329939699.709727 10 -60 -37
31.681468 1329939699.718154 11 -62 -37
31.681468 1329939699.726670 12 -64 -38
31.723105 1329939699.734583 13 -65 -39
31.723105 1329939699.743115 14 -67 -40
31.764683 1329939699.758207 16 -68 -41
31.764683 1329939699.770457 17 -69 -43
31.806158 1329939699.776739 19 -70 -44
31.806158 1329939699.784920 21 -70 -46
31.839088 1329939699.792885 23 -71 -48
31.839088 1329939699.801648 25 -72 -50
31.880787 1329939699.822303 27 -72 -52
31.880787 1329939699.827768 29 -72 -54
31.922623 1329939699.834335 31 -73 -57
31.922623 1329939699.842809 34 -73 -59
31.964028 1329939699.851608 37 -74 -62
31.964028 1329939699.859626 39 -74 -64
31.997651 1329939699.867957 41 -74 -66
31.997651 1329939699.875837 43 -74 -68
32.038971 1329939699.884601 44 -74 -69
32.038971 1329939699.893137 44 -75 -69
32.080694 1329939699.901345 45 -75 -70
32.080694 1329939699.909284 45 -76 -70
32.122374 1329939699.918419 45 -77 -69
32.122374 1329939699.925945 44 -78 -68
32.166174 1329939699.934284 42 -79 -67
32.166174 1329939699.942817 40 -80 -65
32.205573 1329939699.951344 37 -81 -61
32.205573 1329939699.959656 33 -81 -57
32.238783 1329939699.970732 27 -82 -50
32.238783 1329939699.976066 19 -83 -42
32.280420 1329939699.984574 9 -83 -32
32.280420 1329939699.993270 -1 -84 -19
32.322106 1329939700.001138 -14 -84 -6
32.322106 1329939700.009475 -25 -83 5
32.363888 1329939700.017607 -35 -82 15
32.363888 1329939700.025956 -42 -82 22
32.401964 1329939700.034289 -47 -81 28
32.401964 1329939700.042585 -52 -80 32
32.446719 1329939700.051308 -55 -79 36
32.446719 1329939700.059417 -58 -78 39
32.480165 1329939700.075465 -60 -77 42
32.480165 1329939700.078655 -62 -76 43
32.522062 1329939700.084841 -63 -75 45
32.522062 1329939700.093078 -63 -74 46
32.571403 1329939700.101261 -64 -73 46
32.571403 1329939700.109723 -64 -72 47
32.605203 1329939700.117491 -64 -72 48
32.605203 1329939700.126130 -65 -71 49
32.638592 1329939700.134580 -65 -70 49
32.638592 1329939700.142781 -64 -69 49
32.680101 1329939700.151070 -64 -69 49
32.680101 1329939700.159471 -64 -68 50
32.719653 1329939700.167680 -64 -67 50
32.719653 1329939700.176124 -64 -67 50
32.763567 1329939700.184719 -64 -66 50
32.763567 1329939700.192631 -64 -65 50
32.805119 1329939700.200925 -64 -65 50
32.805119 1329939700.209127 -64 -64 51
32.852026 1329939700.217422 -65 -64 51
32.852026 1329939700.225923 -65 -63 51
32.880011 1329939700.234434 -66 -63 52
32.880011 1329939700.242937 -66 -62 52
32.922134 1329939700.250928 -67 -62 52
32.922134 1329939700.259504 -67 -61 52
32.976020 1329939700.271168 -67 -61 52
32.976020 1329939700.275691 -66 -61 52
32.996527 1329939700.284104 -66 -60 52
32.996527 1329939700.292706 -66 -60 52
33.038430 1329939700.300723 -66 -60 52
33.038430 1329939700.309175 -66 -60 52
33.079759 1329939700.325268 -65 -60 52
33.079759 1329939700.337464 -65 -60 52
33.121505 1329939700.343136 -65 -59 52
33.121505 1329939700.351005 -65 -59 52
33.163058 1329939700.359340 -65 -59 52
33.163058 1329939700.367522 -65 -59 52
33.196454 1329939700.375752 -65 -59 52
33.196454 1329939700.391463 -65 -59 52
33.243397 1329939700.394309 -65 -59 51
33.243397 1329939700.400677 -64 -59 51
33.279781 1329939700.409322 -64 -60 51
33.279781 1329939700.417453 -64 -60 51
33.321256 1329939700.426062 -64 -60 51
33.321256 1329939700.434333 -64 -60 50
33.356313 1329939700.442629 -64 -60 50
33.356313 1329939700.450420 -64 -61 50
33.396421 1329939700.459164 -64 -61 50
33.396421 1329939700.467142 -64 -61 50
33.437853 1329939700.475675 -64 -61 50
33.437853 1329939700.484101 -64 -62 50
33.479223 1329939700.494289 -63 -62 49
33.479223 1329939700.500481 -63 -62 49
33.521167 1329939700.509102 -63 -63 49
33.521167 1329939700.517488 -63 -63 48
33.563059 1329939700.525788 -63 -64 48
33.563059 1329939700.534103 -62 -64 48
33.602052 1329939700.545359 -62 -64 47
33.602052 1329939700.550370 -62 -65 47
33.650115 1329939700.559020 -61 -65 46
33.650115 1329939700.567118 -61 -65 46
33.680908 1329939700.575909 -61 -66 45
33.680908 1329939700.583913 -60 -66 45
33.723239 1329939700.592655 -60 -67 44
33.723239 1329939700.600362 -60 -67 44
33.762447 1329939700.608867 -60 -68 43
33.762447 1329939700.617279 -59 -68 42
33.804146 1329939700.625773 -59 -69 42
33.804146 1329939700.634062 -58 -69 41
33.837199 1329939700.642410 -57 -70 40
33.837199 1329939700.657412 -56 -70 39
33.879116 1329939700.660378 -56 -71 38
33.879116 1329939700.667390 -55 -71 37
33.920363 1329939700.675604 -54 -72 36
33.920363 1329939700.683829 -53 -72 35
33.962139 1329939700.692178 -52 -73 34
33.962139 1329939700.700362 -51 -74 33
34.003823 1329939700.708486 -50 -74 32
34.003823 1329939700.717569 -49 -75 31
34.046720 1329939700.725755 -48 -76 29
34.046720 1329939700.733740 -47 -76 28
34.082330 1329939700.741992 -45 -77 26
34.082330 1329939700.761747 -44 -78 24
34.120125 1329939700.767022 -42 -78 22
34.120125 1329939700.775713 -40 -79 20
34.168656 1329939700.783683 -38 -79 18
34.168656 1329939700.792240 -35 -80 15
34.203545 1329939700.813693 -32 -80 11
34.203545 1329939700.817315 -28 -81 8
34.239605 1329939700.825517 -24 -81 4
34.239605 1329939700.834199 -20 -82 0
34.278272 1329939700.842925 -15 -82 -5
34.278272 1329939700.850828 -9 -83 -12
34.320119 1329939700.859130 -2 -83 -19
34.320119 1329939700.873049 4 -83 -26
34.361887 1329939700.876445 12 -83 -34
34.361887 1329939700.884174 19 -83 -41
34.403530 1329939700.892685 26 -83 -48
34.403530 1329939700.900877 32 -82 -55
34.444978 1329939700.908947 39 -82 -62
34.444978 1329939700.917446 45 -82 -68
34.478263 1329939700.925469 50 -81 -73
34.478263 1329939700.934136 55 -80 -78
34.520007 1329939700.942803 58 -80 -82
34.520007 1329939700.950789 62 -79 -85
34.561405 1329939700.966555 64 -78 -88
34.561405 1329939700.969865 66 -77 -90
34.603156 1329939700.975155 68 -76 -93
34.603156 1329939700.984000 70 -75 -94
34.644786 1329939700.991900 71 -75 -96
34.644786 1329939701.000151 73 -74 -98
34.678273 1329939701.008590 74 -73 -99
34.678273 1329939701.016705 75 -72 -101
34.727945 1329939701.025092 75 -71 -102
34.727945 1329939701.033643 75 -70 -102
34.761013 1329939701.041877 75 -69 -103
34.761013 1329939701.049833 76 -68 -103
34.803281 1329939701.058365 76 -67 -104
34.803281 1329939701.066514 76 -67 -104
34.844662 1329939701.074692 77 -66 -105
34.844662 1329939701.082971 77 -65 -106
34.877366 1329939701.091568 78 -65 -106
34.877366 1329939701.099215 78 -64 -107
34.926526 1329939701.112152 78 -63 -107
34.926526 1329939701.115725 78 -62 -108
34.959866 1329939701.124160 78 -61 -108
34.959866 1329939701.132648 79 -61 -108
35.003508 1329939701.140714 79 -60 -109
35.003508 1329939701.148983 79 -59 -109
35.044857 1329939701.162101 79 -59 -110
35.044857 1329939701.167754 79 -58 -110
35.078255 1329939701.173909 79 -58 -110
35.078255 1329939701.183929 79 -57 -110
35.119843 1329939701.190141 80 -56 -110
35.119843 1329939701.199786 80 -56 -110
35.161849 1329939701.210538 80 -55 -110
35.161849 1329939701.223826 80 -54 -110
35.203236 1329939701.231361 80 -54 -110
35.203236 1329939701.239602 80 -53 -110
35.244078 1329939701.247649 80 -53 -110
35.244078 1329939701.256047 80 -52 -110
35.278185 1329939701.264660 80 -52 -110
35.278185 1329939701.282190 80 -52 -110
35.320052 1329939701.289328 80 -51 -110
35.320052 1329939701.297676 80 -51 -110
35.369317 1329939701.306018 80 -51 -110
35.369317 1329939701.314287 80 -51 -110
35.403154 1329939701.331536 80 -51 -110
35.403154 1329939701.339333 80 -51 -110
35.438005 1329939701.347400 80 -51 -110
35.438005 1329939701.356102 80 -51 -110
35.477669 1329939701.364461 80 -51 -110
35.477669 1329939701.372394 80 -51 -110
35.519604 1329939701.380876 79 -51 -110
35.519604 1329939701.389267 79 -51 -110
35.567515 1329939701.397425 79 -51 -110
35.567515 1329939701.405847 79 -51 -110
35.602712 1329939701.413985 79 -51 -110
35.602712 1329939701.422390 79 -52 -110
35.644339 1329939701.438310 78 -52 -110
35.644339 1329939701.439405 78 -53 -109
35.677548 1329939701.446957 78 -53 -109
35.677548 1329939701.455598 78 -54 -110
35.719288 1329939701.463941 77 -54 -110
35.719288 1329939701.471905 77 -55 -110
35.771504 1329939701.480320 77 -56 -110
35.771504 1329939701.500146 77 -56 -110
35.802137 1329939701.505135 76 -57 -110
35.802137 1329939701.513645 76 -58 -109
35.843897 1329939701.521861 76 -58 -109
35.843897 1329939701.530395 76 -59 -109
35.877376 1329939701.538449 75 -60 -108
35.877376 1329939701.546959 75 -61 -108
35.918522 1329939701.555360 75 -61 -108
35.918522 1329939701.563929 75 -62 -107
35.960261 1329939701.571913 74 -63 -107
35.960261 1329939701.580102 74 -64 -107
36.001783 1329939701.588483 74 -65 -106
36.001783 1329939701.596913 74 -66 -106
36.043568 1329939701.606599 73 -67 -105
36.043568 1329939701.613541 73 -67 -104
36.078271 1329939701.621874 72 -68 -103
36.078271 1329939701.630264 71 -69 -102
36.118327 1329939701.638388 69 -70 -100
36.118327 1329939701.646870 68 -71 -99
36.160139 1329939701.660045 67 -72 -98
36.160139 1329939701.672192 66 -73 -97
36.198621 1329939701.680121 65 -74 -96
36.198621 1329939701.688506 64 -75 -94
36.243301 1329939701.696626 62 -76 -92
36.243301 1329939701.705096 60 -77 -89
36.284931 1329939701.713375 57 -78 -86
36.284931 1329939701.728511 53 -79 -82
36.318297 1329939701.738995 49 -80 -77
36.318297 1329939701.750250 44 -81 -72
36.359390 1329939701.754832 38 -82 -65
36.359390 1329939701.763571 30 -82 -57
36.401282 1329939701.771579 22 -83 -48
36.401282 1329939701.780097 12 -83 -38
36.442655 1329939701.797398 2 -83 -29
36.442655 1329939701.804959 -7 -83 -19
36.493310 1329939701.813294 -16 -83 -9
36.493310 1329939701.821657 -25 -82 0
36.523593 1329939701.829789 -33 -82 7
36.523593 1329939701.839048 -40 -81 14
36.559721 1329939701.849172 -47 -81 20
36.559721 1329939701.854900 -52 -80 26
36.601134 1329939701.863101 -56 -79 30
36.601134 1329939701.871491 -59 -79 34
36.642705 1329939701.879812 -63 -78 37
36.642705 1329939701.888311 -65 -77 40
36.684412 1329939701.896780 -67 -76 43
36.684412 1329939701.904899 -69 -76 45
36.717767 1329939701.913094 -70 -75 46
36.717767 1329939701.921681 -71 -74 47
36.759506 1329939701.929754 -71 -74 48
36.759506 1329939701.938197 -71 -73 49
36.801488 1329939701.946644 -71 -72 49
36.801488 1329939701.959703 -71 -72 49
36.843819 1329939701.972363 -71 -71 49
36.843819 1329939701.979685 -71 -71 49
36.895786 1329939701.988120 -71 -70 50
36.895786 1329939701.996633 -72 -70 50
36.917713 1329939702.004975 -72 -69 50
36.917713 1329939702.020808 -72 -69 51
36.959524 1329939702.021548 -73 -68 51
36.959524 1329939702.029839 -73 -68 51
37.014439 1329939702.038088 -74 -67 52
37.014439 1329939702.048250 -74 -67 52
37.042896 1329939702.054859 -74 -66 52
37.042896 1329939702.063314 -75 -66 53
37.084273 1329939702.080462 -75 -65 53
37.084273 1329939702.089154 -75 -65 53
37.117543 1329939702.096368 -76 -65 53
37.117543 1329939702.104958 -76 -64 54
37.167633 1329939702.113083 -76 -64 54
37.167633 1329939702.131504 -76 -64 54
37.201013 1329939702.142977 -76 -64 54
37.201013 1329939702.146411 -76 -64 54
37.242569 1329939702.154555 -76 -64 54
37.242569 1329939702.163233 -76 -64 54
37.284018 1329939702.171480 -75 -64 53
37.284018 1329939702.179667 -75 -63 53
37.317496 1329939702.191482 -75 -63 52
37.317496 1329939702.203325 -74 -63 52
37.359768 1329939702.204579 -74 -63 52
37.359768 1329939702.212982 -74 -64 52
37.400532 1329939702.221548 -74 -64 51
37.400532 1329939702.229684 -74 -64 51
37.442206 1329939702.237753 -74 -64 51
37.442206 1329939702.254613 -74 -65 51
37.484519 1329939702.265925 -73 -65 50
37.484519 1329939702.271396 -73 -66 50
37.517283 1329939702.279875 -72 -66 50
37.517283 1329939702.287958 -72 -67 49
37.558780 1329939702.296179 -72 -68 49
37.558780 1329939702.304713 -71 -68 48
37.605289 1329939702.315127 -71 -69 48
37.605289 1329939702.321349 -71 -70 48
37.642135 1329939702.329811 -70 -71 48
37.642135 1329939702.337838 -70 -72 47
37.683567 1329939702.346049 -70 -73 47
37.683567 1329939702.364016 -70 -74 46
37.725238 1329939702.384425 -69 -75 46
37.725238 1329939702.394412 -68 -76 45
37.760160 1329939702.396055 -67 -77 44
37.760160 1329939702.404563 -66 -78 42
37.800119 1329939702.412702 -65 -79 41
37.800119 1329939702.421041 -62 -80 38
37.841843 1329939702.433460 -59 -81 35
37.841843 1329939702.437744 -55 -82 31
37.883187 1329939702.446121 -50 -83 25
37.883187 1329939702.454483 -42 -84 17
37.924906 1329939702.462667 -31 -84 7
37.924906 1329939702.471595 -18 -85 -6
37.958181 1329939702.479296 -2 -85 -23
37.958181 1329939702.487867 14 -85 -39
37.999651 1329939702.496000 29 -85 -54
37.999651 1329939702.504146 40 -84 -65
38.041504 1329939702.512645 48 -83 -74
38.041504 1329939702.520918 55 -82 -81
38.083063 1329939702.530639 59 -81 -85
38.083063 1329939702.544162 62 -80 -89
38.124618 1329939702.545888 65 -79 -92
38.124618 1329939702.554171 67 -78 -94
38.157994 1329939702.562608 69 -77 -97
38.157994 1329939702.572683 71 -76 -99
38.199833 1329939702.579206 72 -75 -100
38.199833 1329939702.598185 74 -74 -102
38.242750 1329939702.627310 75 -73 -103
38.242750 1329939702.638959 76 -72 -104
38.282799 1329939702.645760 76 -71 -106
38.282799 1329939702.654218 77 -70 -106
38.324483 1329939702.662302 77 -69 -107
38.324483 1329939702.670876 78 -68 -108
38.364231 1329939702.684002 79 -67 -109
38.364231 1329939702.693503 79 -66 -110
38.399330 1329939702.695543 80 -65 -111
38.399330 1329939702.703978 81 -64 -112
38.441280 1329939702.713958 81 -63 -113
38.441280 1329939702.720686 82 -62 -113
38.482942 1329939702.729668 83 -61 -114
38.482942 1329939702.739552 83 -60 -114
38.516458 1329939702.745698 83 -60 -115
38.516458 1329939702.753834 84 -59 -115
38.557889 1329939702.762277 84 -58 -115
38.557889 1329939702.770818 84 -58 -116
38.599825 1329939702.779083 84 -57 -116
38.599825 1329939702.792111 85 -57 -117
38.645897 1329939702.795460 85 -57 -117
38.645897 1329939702.803866 84 -57 -117
38.682672 1329939702.812336 84 -57 -117
38.682672 1329939702.820727 84 -57 -117
38.716218 1329939702.829487 83 -57 -118
38.716218 1329939702.837333 83 -57 -118
38.757698 1329939702.845568 82 -57 -118
38.757698 1329939702.853763 81 -57 -117
38.799486 1329939702.862142 81 -57 -117
38.799486 1329939702.870724 80 -57 -117
38.842792 1329939702.878953 79 -57 -116
38.842792 1329939702.887322 79 -58 -116
38.882583 1329939702.897282 78 -58 -116
38.882583 1329939702.904107 78 -59 -116
38.924139 1329939702.912485 77 -59 -115
38.924139 1329939702.920938 77 -60 -115
38.957692 1329939702.929244 77 -60 -115
38.957692 1329939702.937458 76 -61 -114
38.999393 1329939702.945853 75 -62 -113
38.999393 1329939702.954065 74 -62 -112
39.040385 1329939702.964128 73 -63 -111
39.040385 1329939702.970957 72 -64 -110
39.085545 1329939702.984681 70 -64 -108
39.085545 1329939702.987409 69 -65 -106
39.118455 1329939703.000418 67 -65 -105
39.118455 1329939703.011003 65 -66 -103
39.157426 1329939703.012444 63 -67 -100
39.157426 1329939703.020732 61 -67 -98
39.198637 1329939703.029286 59 -68 -96
39.198637 1329939703.037448 57 -69 -93
39.240116 1329939703.047238 54 -69 -90
39.240116 1329939703.054211 51 -70 -87
39.282099 1329939703.062713 48 -70 -83
39.282099 1329939703.070966 44 -70 -79
39.322895 1329939703.079291 41 -70 -76
39.322895 1329939703.087358 38 -70 -73
39.371503 1329939703.095687 35 -70 -69
39.371503 1329939703.113315 32 -70 -66
39.398581 1329939703.120730 29 -70 -62
39.398581 1329939703.129202 26 -69 -58
39.443377 1329939703.137323 23 -68 -55
39.443377 1329939703.145786 20 -67 -51
39.482183 1329939703.154073 18 -66 -49
39.482183 1329939703.171316 16 -65 -46
39.523823 1329939703.179195 14 -64 -44
39.523823 1329939703.187421 13 -63 -42
39.565397 1329939703.195730 12 -62 -40
39.565397 1329939703.203988 11 -61 -39
39.598655 1329939703.214734 10 -60 -37
39.598655 1329939703.225404 9 -59 -36
39.640563 1329939703.230052 8 -58 -35
39.640563 1329939703.237458 8 -57 -35
39.682210 1329939703.245987 8 -56 -35
39.682210 1329939703.254054 8 -55 -34
39.724316 1329939703.270245 7 -54 -33
39.724316 1329939703.271373 7 -53 -33
39.758103 1329939703.283386 6 -51 -32
39.758103 1329939703.287245 6 -50 -32
39.800975 1329939703.295528 5 -48 -31
39.800975 1329939703.303987 4 -46 -30
39.841839 1329939703.311974 3 -45 -29
39.841839 1329939703.320294 3 -43 -29
39.883392 1329939703.332628 2 -42 -29
39.883392 1329939703.353611 2 -40 -28
39.924845 1329939703.363661 2 -39 -28
39.924845 1329939703.370349 2 -37 -27
39.964467 1329939703.378806 2 -36 -27
39.964467 1329939703.387162 2 -34 -27
40.001767 1329939703.395238 2 -33 -27
40.001767 1329939703.408055 1 -32 -27
40.040552 1329939703.411884 1 -31 -27
40.040552 1329939703.420213 1 -30 -27
40.083137 1329939703.428760 1 -28 -27
40.083137 1329939703.437057 1 -27 -27
40.124822 1329939703.445152 1 -26 -27
40.124822 1329939703.453581 1 -25 -27
40.158630 1329939703.461836 1 -24 -27
40.158630 1329939703.470200 1 -23 -27
40.199725 1329939703.478628 1 -23 -27
40.199725 1329939703.487049 1 -22 -27
40.253751 1329939703.495100 1 -21 -28
40.253751 1329939703.504457 1 -21 -28
40.283670 1329939703.511631 1 -20 -28
40.283670 1329939703.519891 1 -19 -28
40.317307 1329939703.528286 0 -18 -28
40.317307 1329939703.536805 0 -17 -28
40.371122 1329939703.544891 0 -17 -28
40.371122 1329939703.553194 0 -16 -28
40.400105 1329939703.561570 0 -15 -28
40.400105 1329939703.569947 0 -15 -28
40.441789 1329939703.578235 0 -14 -29
40.441789 1329939703.586775 0 -14 -29
40.483765 1329939703.595028 1 -13 -29
40.483765 1329939703.602964 1 -13 -29
40.523689 1329939703.611439 1 -12 -29
40.523689 1329939703.619966 1 -12 -29
40.558390 1329939703.628251 1 -12 -29
40.558390 1329939703.636658 1 -11 -30
40.599387 1329939703.644834 1 -11 -30
40.599387 1329939703.653106 1 -11 -30
40.641472 1329939703.671893 1 -11 -30
40.641472 1329939703.677985 1 -11 -30
40.689896 1329939703.686563 1 -11 -30
40.689896 1329939703.694784 1 -10 -30
40.724651 1329939703.702911 1 -10 -30
40.724651 1329939703.711423 1 -10 -30
40.762477 1329939703.731690 1 -10 -30
40.762477 1329939703.736542 1 -9 -30
40.811431 1329939703.744787 1 -9 -30
40.811431 1329939703.753096 1 -9 -30
40.844034 1329939703.761282 1 -8 -30
40.844034 1329939703.769763 1 -8 -30
40.886273 1329939703.777772 1 -8 -30
40.886273 1329939703.786396 1 -8 -30
40.918588 1329939703.794659 1 -7 -30
40.918588 1329939703.802955 1 -7 -30
40.958067 1329939703.811399 1 -7 -30
40.958067 1329939703.819617 1 -6 -30
40.999470 1329939703.827795 1 -6 -30
40.999470 1329939703.839607 1 -6 -30
41.041251 1329939703.844739 2 -6 -30
41.041251 1329939703.852949 1 -6 -30
41.082467 1329939703.861308 1 -5 -30
41.082467 1329939703.869497 1 -5 -30
41.122011 1329939703.877905 1 -5 -30
41.122011 1329939703.896245 1 -5 -30
41.159903 1329939703.903151 1 -5 -30
41.159903 1329939703.911338 1 -5 -30
41.198462 1329939703.919600 1 -5 -30
41.198462 1329939703.927916 1 -5 -30
41.245198 1329939703.936163 1 -5 -30
41.245198 1329939703.944535 1 -5 -30
41.294457 1329939703.953009 1 -5 -30
41.294457 1329939703.961215 1 -5 -30
41.323910 1329939703.969665 1 -5 -30
41.323910 1329939703.978023 1 -5 -30
41.357771 1329939703.986131 1 -5 -30
41.357771 1329939703.994479 1 -5 -30
41.410727 1329939704.004637 1 -5 -30
41.410727 1329939704.011328 1 -5 -30
41.440722 1329939704.019548 1 -5 -30
41.440722 1329939704.028105 1 -5 -30
41.479358 1329939704.036133 1 -4 -30
41.479358 1329939704.044313 1 -4 -30
41.525945 1329939704.067370 1 -4 -30
41.525945 1329939704.088413 1 -4 -30
41.557846 1329939704.098216 1 -4 -30
41.557846 1329939704.102762 1 -4 -30
41.606819 1329939704.111087 1 -4 -30
41.606819 1329939704.120247 1 -4 -30
41.640878 1329939704.132544 1 -4 -30
41.640878 1329939704.142357 1 -4 -30
41.682425 1329939704.144361 1 -4 -30
41.682425 1329939704.152859 1 -4 -30
41.723904 1329939704.161086 1 -4 -30
41.723904 1329939704.169360 1 -4 -30
41.761248 1329939704.177786 1 -4 -30
41.761248 1329939704.186251 1 -4 -30
41.798778 1329939704.194399 1 -4 -30
41.798778 1329939704.202721 1 -4 -30
41.841038 1329939704.210993 1 -4 -29
41.841038 1329939704.219230 1 -4 -29
41.885208 1329939704.227773 1 -4 -29
41.885208 1329939704.236091 1 -4 -29
41.928155 1329939704.245363 1 -4 -29
41.928155 1329939704.252732 1 -4 -29
41.957357 1329939704.261153 1 -3 -29
41.957357 1329939704.269122 1 -3 -29
41.998278 1329939704.285878 1 -3 -29
41.998278 1329939704.286742 1 -3 -29
42.040261 1329939704.298307 1 -3 -29
42.040261 1329939704.302951 1 -3 -29
42.081533 1329939704.310858 1 -3 -29
42.081533 1329939704.319032 1 -3 -29
42.123512 1329939704.327684 1 -3 -29
42.123512 1329939704.335866 1 -2 -29
42.164812 1329939704.346725 1 -2 -29
42.164812 1329939704.352598 1 -2 -29
42.197739 1329939704.360852 1 -2 -29
42.197739 1329939704.368970 1 -2 -29
42.239633 1329939704.377549 1 -2 -29
42.239633 1329939704.386318 1 -2 -29
42.281806 1329939704.396116 1 -2 -29
42.281806 1329939704.410494 1 -2 -29
42.323278 1329939704.411062 1 -2 -29
42.323278 1329939704.418829 1 -2 -29
42.364644 1329939704.427404 1 -2 -29
42.364644 1329939704.435838 1 -2 -29
42.397765 1329939704.443975 1 -2 -29
42.397765 1329939704.452567 1 -2 -29
42.439874 1329939704.460599 1 -2 -29
42.439874 1329939704.468807 1 -2 -29
42.481270 1329939704.477480 1 -2 -29
42.481270 1329939704.485790 1 -2 -29
42.522599 1329939704.495329 1 -2 -29
42.522599 1329939704.502436 1 -2 -29
42.564197 1329939704.510849 1 -2 -29
42.564197 1329939704.518761 1 -2 -29
42.597377 1329939704.527451 1 -2 -29
42.597377 1329939704.535689 1 -2 -29
42.639656 1329939704.548130 1 -2 -29
42.639656 1329939704.552232 1 -2 -30
42.691089 1329939704.560543 1 -1 -30
42.691089 1329939704.568767 1 -1 -30
42.722098 1329939704.577551 1 -1 -30
42.722098 1329939704.585585 1 -1 -30
42.764236 1329939704.595986 1 -1 -30
42.764236 1329939704.602184 1 -2 -30
42.797528 1329939704.610574 2 -2 -31
42.797528 1329939704.618676 2 -2 -31
42.842069 1329939704.627450 2 -3 -31
42.842069 1329939704.635671 2 -4 -32
42.886641 1329939704.643849 3 -5 -32
42.886641 1329939704.652528 3 -7 -32
42.922538 1329939704.660420 3 -8 -33
42.922538 1329939704.668578 3 -10 -33
42.969777 1329939704.677406 3 -12 -33
42.969777 1329939704.685434 3 -14 -34
42.997381 1329939704.693700 4 -17 -34
42.997381 1329939704.702292 4 -19 -35
43.039089 1329939704.710374 4 -23 -35
43.039089 1329939704.718671 4 -26 -36
43.080119 1329939704.727203 5 -29 -37
43.080119 1329939704.735596 5 -32 -37
43.121659 1329939704.743589 5 -35 -38
43.121659 1329939704.754669 6 -39 -39
43.157670 1329939704.760264 7 -42 -40
43.157670 1329939704.768547 8 -45 -40
43.209163 1329939704.776979 9 -49 -42
43.209163 1329939704.785354 10 -52 -43
43.245213 1329939704.793805 11 -55 -44
43.245213 1329939704.812947 13 -58 -46
43.279235 1329939704.818753 15 -61 -48
43.279235 1329939704.827011 17 -64 -51
43.332083 1329939704.835435 19 -67 -54
43.332083 1329939704.843907 22 -69 -57
43.361132 1329939704.852083 26 -71 -60
43.361132 1329939704.860593 29 -73 -64
43.402756 1329939704.870389 33 -74 -67
43.402756 1329939704.876920 36 -74 -69
43.449995 1329939704.886311 38 -74 -70
43.449995 1329939704.896347 40 -75 -71
43.477500 1329939704.901970 41 -75 -72
43.477500 1329939704.910674 42 -75 -72
43.519501 1329939704.921505 43 -76 -71
43.519501 1329939704.926850 43 -77 -71
43.560975 1329939704.935503 42 -77 -70
43.560975 1329939704.943839 41 -78 -68
43.602889 1329939704.952014 39 -79 -65
43.602889 1329939704.960305 37 -81 -62
43.636228 1329939704.972828 32 -82 -58
43.636228 1329939704.993933 25 -83 -51
43.677554 1329939705.004075 13 -84 -38
43.677554 1329939705.010405 -4 -84 -19
43.719291 1329939705.018732 -26 -84 2
43.719291 1329939705.027164 -45 -83 22
43.760932 1329939705.035182 -59 -82 36
43.760932 1329939705.066197 -67 -80 45
43.802105 1329939705.087446 -72 -78 51
43.802105 1329939705.097423 -75 -77 54
43.843959 1329939705.104176 -77 -75 57
43.843959 1329939705.114727 -76 -73 57
43.877663 1329939705.118842 -75 -72 57
43.877663 1329939705.127130 -74 -70 56
43.918959 1329939705.140915 -72 -69 56
43.918959 1329939705.143906 -71 -68 56
43.960635 1329939705.156625 -71 -67 57
43.960635 1329939705.160908 -71 -66 58
44.002358 1329939705.168920 -72 -65 60
44.002358 1329939705.177311 -73 -65 62
44.044162 1329939705.185823 -74 -64 64
44.044162 1329939705.194067 -75 -64 65
44.078336 1329939705.202535 -75 -64 66
44.078336 1329939705.210860 -75 -63 67
44.118697 1329939705.218844 -76 -63 68
44.118697 1329939705.227355 -76 -63 68
44.160583 1329939705.235874 -76 -63 69
44.160583 1329939705.245801 -76 -63 69
44.202283 1329939705.256511 -76 -64 69
44.202283 1329939705.261020 -76 -64 70
44.244000 1329939705.268919 -77 -65 71
44.244000 1329939705.277470 -78 -66 71
44.277226 1329939705.286088 -79 -67 72
44.277226 1329939705.294427 -81 -68 73
44.318754 1329939705.302734 -82 -69 74
44.318754 1329939705.311104 -84 -70 75
44.360134 1329939705.319052 -85 -72 76
44.360134 1329939705.327590 -87 -73 77
44.401766 1329939705.336090 -90 -74 79
44.401766 1329939705.344376 -92 -76 81
44.443419 1329939705.352559 -95 -77 83
44.443419 1329939705.361192 -99 -79 86
44.476800 1329939705.371196 -104 -80 89
44.476800 1329939705.377816 -110 -82 94
44.519097 1329939705.386221 -120 -83 103
44.519097 1329939705.394738 -136 -85 118
44.559994 1329939705.402826 -163 -86 143
44.559994 1329939705.411407 164 -86 175
44.603844 1329939705.419722 139 -84 -160
44.603844 1329939705.428412 122 -83 -145
44.643258 1329939705.436821 111 -81 -135
44.643258 1329939705.448019 104 -79 -129
44.676823 1329939705.453557 99 -77 -125
44.676823 1329939705.462376 96 -75 -123
44.718285 1329939705.470164 95 -74 -122
44.718285 1329939705.478487 93 -72 -121
44.760028 1329939705.496485 93 -70 -121
44.760028 1329939705.503681 92 -68 -121
44.801500 1329939705.511383 91 -67 -121
44.801500 1329939705.520051 91 -65 -121
44.836174 1329939705.528472 91 -64 -122
44.836174 1329939705.536434 90 -63 -122
44.876655 1329939705.544897 89 -62 -121
44.876655 1329939705.553651 88 -61 -121
44.918361 1329939705.561788 87 -60 -120
44.918361 1329939705.570745 86 -59 -119
44.959924 1329939705.578750 84 -58 -117
44.959924 1329939705.586833 83 -57 -117
45.007118 1329939705.595175 82 -56 -116
45.007118 1329939705.604548 81 -55 -115
45.043185 1329939705.611749 80 -55 -115
45.043185 1329939705.620431 80 -54 -114
45.076708 1329939705.628616 79 -54 -114
45.076708 1329939705.636520 78 -54 -113
45.120306 1329939705.645252 78 -54 -113
45.120306 1329939705.660872 77 -54 -112
45.159857 1329939705.683967 77 -55 -112
45.159857 1329939705.696203 76 -55 -111
45.202624 1329939705.710722 76 -56 -111
45.202624 1329939705.724653 76 -56 -110
45.245447 1329939705.739121 75 -57 -110
45.245447 1329939705.745141 75 -58 -109
45.276261 1329939705.753308 75 -59 -109
45.276261 1329939705.762023 74 -60 -108
45.318173 1329939705.770063 74 -62 -107
45.318173 1329939705.778209 73 -63 -105
45.359214 1329939705.787015 72 -65 -104
45.359214 1329939705.795771 71 -66 -102
45.401204 1329939705.810574 70 -68 -100
45.401204 1329939705.814010 68 -69 -99
45.444702 1329939705.820306 67 -71 -97
45.444702 1329939705.828538 65 -73 -94
45.484516 1329939705.837405 62 -75 -90
45.484516 1329939705.845602 58 -76 -86
45.517351 1329939705.853567 55 -78 -82
45.517351 1329939705.862209 51 -79 -77
45.558994 1329939705.870530 46 -80 -71
45.558994 1329939705.878499 39 -81 -63
45.603550 1329939705.887075 30 -82 -53
45.603550 1329939705.895613 20 -83 -41
45.648696 1329939705.903536 8 -83 -28
45.648696 1329939705.920289 -4 -83 -14
45.683797 1329939705.923201 -17 -83 -1
45.683797 1329939705.928471 -29 -82 10
45.718862 1329939705.937087 -38 -81 20
45.718862 1329939705.945558 -45 -80 28
45.759269 1329939705.953866 -51 -79 34
45.759269 1329939705.962195 -56 -78 39
45.800430 1329939705.970199 -60 -77 43
45.800430 1329939705.978539 -63 -76 46
45.843932 1329939705.987173 -65 -74 49
45.843932 1329939705.995773 -66 -73 51
45.883780 1329939706.003578 -67 -72 52
45.883780 1329939706.012209 -67 -71 53
45.917277 1329939706.020012 -67 -70 53
45.917277 1329939706.028386 -67 -69 54
45.959349 1329939706.036758 -67 -68 54
45.959349 1329939706.045312 -67 -67 54
46.000237 1329939706.053131 -67 -67 54
46.000237 1329939706.068758 -67 -66 54
46.042160 1329939706.071659 -67 -65 54
46.042160 1329939706.088027 -67 -65 54
46.087469 1329939706.100849 -68 -64 55
46.087469 1329939706.115221 -68 -64 55
46.117162 1329939706.119809 -68 -63 55
46.117162 1329939706.128138 -69 -63 56
46.158284 1329939706.136194 -70 -63 56
46.158284 1329939706.144738 -70 -63 57
46.200332 1329939706.153163 -71 -64 56
46.200332 1329939706.161453 -72 -64 56
46.241884 1329939706.169570 -73 -65 56
46.241884 1329939706.178165 -74 -65 57
46.283322 1329939706.197047 -75 -66 57
46.283322 1329939706.202938 -77 -67 58
46.324989 1329939706.211455 -78 -69 59
46.324989 1329939706.220013 -81 -70 60
46.358182 1329939706.228370 -83 -71 62
46.358182 1329939706.236381 -85 -72 63
46.400001 1329939706.251552 -88 -74 65
46.400001 1329939706.284367 -91 -75 67
46.447668 1329939706.298186 -94 -77 69
46.447668 1329939706.303371 -97 -78 70
46.483125 1329939706.311241 -100 -80 72
46.483125 1329939706.319734 -103 -81 74
46.517629 1329939706.327801 -107 -83 77
46.517629 1329939706.338385 -113 -85 82
46.558233 1329939706.351367 -127 -87 95
46.558233 1329939706.365722 -172 -88 141
46.599758 1329939706.379737 121 -87 -153
46.599758 1329939706.386264 101 -85 -133
46.649473 1329939706.393954 92 -84 -125
46.649473 1329939706.402563 87 -82 -121
46.687222 1329939706.411386 84 -80 -118
46.687222 1329939706.419537 82 -78 -116
46.724596 1329939706.427618 81 -76 -116
46.724596 1329939706.436234 80 -74 -115
46.757791 1329939706.443931 79 -72 -114
46.757791 1329939706.452389 77 -70 -113
46.799813 1329939706.462884 77 -69 -113
46.799813 1329939706.469409 76 -67 -113
46.841196 1329939706.477826 75 -66 -112
46.841196 1329939706.486257 74 -65 -112
46.882868 1329939706.494109 74 -64 -111
46.882868 1329939706.502354 73 -63 -110
46.924686 1329939706.518884 72 -62 -109
46.924686 1329939706.521714 71 -61 -109
46.957919 1329939706.527604 70 -61 -108
46.957919 1329939706.535940 69 -60 -108
46.998621 1329939706.544096 68 -60 -107
46.998621 1329939706.552315 67 -59 -107
47.041158 1329939706.561083 66 -59 -106
47.041158 1329939706.570739 66 -59 -105
47.083084 1329939706.593923 65 -59 -104
47.083084 1329939706.596777 64 -59 -103
47.124672 1329939706.602758 62 -59 -102
47.124672 1329939706.610941 61 -59 -101
47.166194 1329939706.619550 60 -60 -100
47.166194 1329939706.627502 60 -60 -99
47.199763 1329939706.637882 59 -60 -98
47.199763 1329939706.644252 57 -61 -96
47.241056 1329939706.652549 56 -61 -95
47.241056 1329939706.661042 55 -62 -93
47.282593 1329939706.669225 53 -62 -91
47.282593 1329939706.677370 51 -63 -89
47.324433 1329939706.687170 49 -63 -86
47.324433 1329939706.694412 47 -63 -84
47.359311 1329939706.702467 44 -63 -81
47.359311 1329939706.710875 42 -63 -77
47.399411 1329939706.718957 39 -63 -74
47.399411 1329939706.727216 37 -63 -70
47.462719 1329939706.743805 34 -62 -67
47.462719 1329939706.755962 31 -62 -64
47.477763 1329939706.760803 29 -61 -61
47.477763 1329939706.769313 27 -60 -58
47.526486 1329939706.777509 24 -60 -55
47.526486 1329939706.790084 22 -59 -52
47.557901 1329939706.794069 20 -58 -50
47.557901 1329939706.817617 19 -57 -48
47.599436 1329939706.820436 18 -56 -46
47.599436 1329939706.835460 16 -55 -44
47.647491 1329939706.849920 15 -54 -43
47.647491 1329939706.852481 14 -53 -42
47.688690 1329939706.860619 14 -52 -40
47.688690 1329939706.871545 13 -51 -39
47.725407 1329939706.877744 12 -49 -38
47.725407 1329939706.898495 11 -48 -37
47.758342 1329939706.911210 11 -47 -36
47.758342 1329939706.919324 10 -45 -36
47.803737 1329939706.927219 10 -43 -35
47.803737 1329939706.937393 9 -42 -34
47.844123 1329939706.944352 9 -41 -33
47.844123 1329939706.952472 8 -39 -32
47.882210 1329939706.960965 8 -38 -32
47.882210 1329939706.969018 7 -36 -31
47.917826 1329939706.977556 7 -35 -30
47.917826 1329939706.985923 7 -35 -30
47.959363 1329939706.994920 7 -34 -29
47.959363 1329939707.002787 7 -32 -29
48.001168 1329939707.019903 6 -31 -28
48.001168 1329939707.027569 6 -31 -28
48.042705 1329939707.035913 5 -30 -28
48.042705 1329939707.044724 5 -29 -27
48.084463 1329939707.052979 5 -28 -27
48.084463 1329939707.061250 4 -27 -26
48.117339 1329939707.075819 4 -26 -26
48.117339 1329939707.078738 3 -25 -25
48.159250 1329939707.085790 3 -24 -25
48.159250 1329939707.094555 3 -23 -25
48.200931 1329939707.103077 3 -23 -24
48.200931 1329939707.111031 2 -22 -24
48.259024 1329939707.129757 2 -21 -24
48.259024 1329939707.135727 2 -20 -24
48.284442 1329939707.144443 2 -19 -24
48.284442 1329939707.152978 2 -18 -24
48.317835 1329939707.161206 2 -17 -24
48.317835 1329939707.177990 2 -17 -24
48.359339 1329939707.183906 2 -16 -24
48.359339 1329939707.198438 1 -15 -24
48.402673 1329939707.222354 1 -15 -24
48.402673 1329939707.227926 1 -14 -24
48.441880 1329939707.236171 1 -14 -24
48.441880 1329939707.244516 1 -13 -24
48.484083 1329939707.252891 0 -13 -24
48.484083 1329939707.260712 0 -13 -24
48.517142 1329939707.269298 0 -12 -24
48.517142 1329939707.277754 0 -12 -24
48.557258 1329939707.285924 0 -11 -24
48.557258 1329939707.294514 0 -11 -24
48.600696 1329939707.302768 0 -11 -24
48.600696 1329939707.310644 0 -11 -25
48.641697 1329939707.318955 0 -11 -25
48.641697 1329939707.327843 0 -10 -25
48.683627 1329939707.335981 0 -10 -25
48.683627 1329939707.344244 0 -10 -25
48.737718 1329939707.355737 0 -10 -25
48.737718 1329939707.360665 0 -10 -25
48.761234 1329939707.369049 0 -10 -25
48.761234 1329939707.377415 0 -10 -25
48.800523 1329939707.385772 0 -10 -25
48.800523 1329939707.408676 0 -9 -26
48.841761 1329939707.411807 0 -9 -26
48.841761 1329939707.419059 0 -9 -26
48.886740 1329939707.427166 0 -9 -26
48.886740 1329939707.435892 0 -9 -26
48.924911 1329939707.443894 0 -8 -26
48.924911 1329939707.452423 0 -8 -26
48.958592 1329939707.466105 0 -8 -26
48.958592 1329939707.468823 0 -7 -26
49.011094 1329939707.477130 0 -7 -26
49.011094 1329939707.485660 0 -7 -26
49.041725 1329939707.493680 0 -7 -25
49.041725 1329939707.502228 0 -7 -25
49.083024 1329939707.510522 0 -6 -25
49.083024 1329939707.518450 0 -6 -25
49.116230 1329939707.527168 0 -6 -25
49.116230 1329939707.535476 0 -6 -25
49.158030 1329939707.543636 0 -6 -26
49.158030 1329939707.554029 0 -6 -26
49.199317 1329939707.560924 0 -6 -26
49.199317 1329939707.568594 0 -6 -26
49.241020 1329939707.577023 0 -5 -26
49.241020 1329939707.585608 0 -5 -26
49.282505 1329939707.593468 0 -5 -26
49.282505 1329939707.609520 0 -5 -26
49.324266 1329939707.633495 0 -5 -26
49.324266 1329939707.645340 0 -5 -27
49.357803 1329939707.651900 0 -5 -27
49.357803 1329939707.660777 0 -5 -27
49.400235 1329939707.668496 0 -5 -27
49.400235 1329939707.677076 0 -5 -27
49.440772 1329939707.688578 0 -5 -27
49.440772 1329939707.693340 0 -5 -27
49.475934 1329939707.701794 0 -5 -27
49.475934 1329939707.710422 0 -5 -27
49.523174 1329939707.718584 0 -5 -27
49.523174 1329939707.726843 0 -5 -27
49.557260 1329939707.735355 0 -4 -27
49.557260 1329939707.743420 0 -4 -27
49.599155 1329939707.751818 0 -4 -27
49.599155 1329939707.760467 0 -4 -27
49.640942 1329939707.768316 0 -4 -27
49.640942 1329939707.776790 0 -4 -27
49.682191 1329939707.785428 0 -4 -27
49.682191 1329939707.793287 0 -4 -27
49.725673 1329939707.801571 0 -4 -27
49.725673 1329939707.810340 0 -4 -27
49.757227 1329939707.818694 0 -4 -27
49.757227 1329939707.826885 0 -4 -27
49.800086 1329939707.835391 0 -4 -27
49.800086 1329939707.843440 0 -4 -27
49.840763 1329939707.851328 0 -4 -27
49.840763 1329939707.860253 0 -4 -27
49.882024 1329939707.868191 0 -4 -27
49.882024 1329939707.876649 0 -4 -27
49.923823 1329939707.888128 0 -4 -27
49.923823 1329939707.893372 0 -4 -27
49.957047 1329939707.901743 0 -3 -27
49.957047 1329939707.910107 0 -3 -27
49.998548 1329939707.918555 0 -3 -27
49.998548 1329939707.926859 0 -3 -27
50.040652 1329939707.935241 0 -3 -27
50.040652 1329939707.943462 0 -3 -27
50.081946 1329939707.951882 0 -3 -27
50.081946 1329939707.960563 0 -3 -27
50.123527 1329939707.968599 0 -3 -27
50.123527 1329939707.976746 0 -3 -27
50.156764 1329939707.985018 0 -3 -27
50.156764 1329939707.993647 0 -3 -27
50.198927 1329939708.001652 0 -3 -27
50.198927 1329939708.010191 0 -3 -27
50.240067 1329939708.018447 0 -4 -28
50.240067 1329939708.026929 0 -4 -28
50.282095 1329939708.035167 0 -5 -28
50.282095 1329939708.044403 0 -6 -28
50.326944 1329939708.051753 0 -6 -28
50.326944 1329939708.059855 0 -7 -28
50.357093 1329939708.068373 0 -9 -28
50.357093 1329939708.076900 0 -10 -28
50.398781 1329939708.084921 0 -11 -28
50.398781 1329939708.097543 0 -13 -28
50.440210 1329939708.101683 0 -14 -28
50.440210 1329939708.109941 0 -15 -28
50.480733 1329939708.120368 -1 -17 -28
50.480733 1329939708.126505 -1 -18 -28
50.523229 1329939708.134999 -1 -20 -28
50.523229 1329939708.151773 -1 -21 -28
50.556354 1329939708.167175 0 -23 -28
50.556354 1329939708.190762 0 -25 -28
50.597811 1329939708.193773 0 -27 -28
50.597811 1329939708.201546 0 -29 -29
50.639494 1329939708.209930 0 -32 -29
50.639494 1329939708.218714 0 -34 -29
50.681024 1329939708.226892 0 -36 -29
50.681024 1329939708.242701 0 -38 -29
50.721816 1329939708.248193 0 -40 -30
50.721816 1329939708.251891 0 -42 -30
50.762981 1329939708.259528 1 -45 -30
50.762981 1329939708.268275 1 -47 -30
50.796219 1329939708.277034 1 -50 -30
50.796219 1329939708.299622 1 -52 -30
50.850300 1329939708.302837 1 -54 -30
50.850300 1329939708.310535 2 -57 -31
50.879240 1329939708.318472 2 -59 -31
50.879240 1329939708.326830 3 -61 -31
50.920707 1329939708.335246 3 -64 -32
50.920707 1329939708.343505 4 -66 -32
50.963396 1329939708.351727 5 -67 -33
50.963396 1329939708.360040 6 -69 -34
51.003661 1329939708.368255 7 -71 -35
51.003661 1329939708.376350 9 -72 -36
51.036787 1329939708.385131 11 -73 -38
51.036787 1329939708.393186 14 -74 -40
51.078689 1329939708.402139 16 -75 -43
51.078689 1329939708.410401 19 -76 -45
51.120755 1329939708.417983 22 -77 -48
51.120755 1329939708.426827 25 -78 -50
51.161987 1329939708.435390 28 -79 -53
51.161987 1329939708.453569 32 -80 -57
51.203357 1329939708.459852 36 -81 -61
51.203357 1329939708.467930 42 -81 -66
51.239215 1329939708.475839 47 -82 -71
51.239215 1329939708.485232 53 -83 -77
51.278355 1329939708.492914 59 -83 -82
51.278355 1329939708.501017 65 -84 -88
51.317522 1329939708.509732 70 -84 -93
51.317522 1329939708.517828 77 -84 -99
51.361610 1329939708.525579 84 -84 -106
51.361610 1329939708.534014 91 -84 -112
51.403224 1329939708.542657 96 -84 -117
51.403224 1329939708.550915 100 -84 -121
51.436480 1329939708.559160 103 -84 -124
51.436480 1329939708.567834 106 -84 -126
51.478022 1329939708.575388 108 -84 -128
51.478022 1329939708.583978 111 -84 -131
51.520544 1329939708.592536 113 -84 -134
51.520544 1329939708.600469 116 -84 -136
51.561342 1329939708.608884 119 -84 -140
51.561342 1329939708.616880 123 -84 -143
51.603121 1329939708.624899 126 -84 -146
51.603121 1329939708.633441 128 -84 -149
51.636381 1329939708.641788 130 -84 -151
51.636381 1329939708.654778 133 -85 -154
51.677999 1329939708.658772 136 -85 -157
51.677999 1329939708.666786 140 -85 -161
51.732806 1329939708.674961 145 -85 -166
51.732806 1329939708.683158 151 -86 -172
51.768928 1329939708.691622 159 -86 179
51.768928 1329939708.706738 169 -86 169
51.796163 1329939708.708686 178 -86 160
51.796163 1329939708.716388 -169 -86 150
51.838242 1329939708.724438 -158 -85 141
51.838242 1329939708.732168 -147 -85 132
51.878194 1329939708.740816 -137 -85 124
51.878194 1329939708.748950 -130 -84 117
51.919498 1329939708.760952 -124 -84 111
51.919498 1329939708.765667 -118 -83 106
51.963227 1329939708.773737 -114 -83 102
51.963227 1329939708.782313 -110 -82 99
51.998516 1329939708.790655 -107 -82 96
51.998516 1329939708.806858 -105 -81 94
52.036005 1329939708.808276 -102 -80 92
52.036005 1329939708.815225 -100 -80 91
52.077647 1329939708.823354 -99 -79 90
52.077647 1329939708.831959 -97 -78 89
52.123399 1329939708.840674 -96 -78 88
52.123399 1329939708.848585 -94 -77 87
52.160864 1329939708.857032 -93 -77 86
52.160864 1329939708.865330 -92 -76 85
52.202516 1329939708.873268 -92 -75 85
52.202516 1329939708.881824 -91 -75 84
52.272836 1329939708.890116 -91 -74 84
52.272836 1329939708.898563 -90 -73 84
52.284213 1329939708.912375 -90 -72 84
52.284213 1329939708.915113 -89 -72 84
52.319275 1329939708.923413 -89 -71 83
52.319275 1329939708.933130 -88 -70 83
52.360456 1329939708.940222 -88 -69 83
52.360456 1329939708.948893 -88 -69 83
52.402528 1329939708.959423 -87 -68 83
52.402528 1329939708.965070 -87 -68 82
52.438177 1329939708.973092 -86 -67 81
52.438177 1329939708.981431 -85 -67 81
52.477373 1329939708.990153 -85 -66 80
52.477373 1329939708.998293 -84 -66 79
52.519022 1329939709.006593 -83 -65 79
52.519022 1329939709.014741 -82 -65 78
52.560673 1329939709.022761 -82 -65 78
52.560673 1329939709.031159 -81 -64 78
52.599197 1329939709.039569 -80 -64 77
52.599197 1329939709.048170 -80 -64 77
52.643899 1329939709.056169 -79 -64 76
52.643899 1329939709.064700 -78 -64 76
52.677197 1329939709.072678 -77 -63 75
52.677197 1329939709.080989 -77 -63 75
52.720113 1329939709.089576 -76 -63 75
52.720113 1329939709.097773 -76 -63 74
52.760379 1329939709.106188 -76 -63 74
52.760379 1329939709.129435 -76 -63 74
52.802249 1329939709.140967 -76 -63 74
52.802249 1329939709.147614 -75 -63 73
52.843854 1329939709.156208 -75 -63 73
52.843854 1329939709.164357 -75 -63 73
52.877141 1329939709.172864 -75 -64 73
52.877141 1329939709.187980 -75 -64 73
52.918606 1329939709.189085 -75 -64 72
52.918606 1329939709.197841 -76 -65 72
52.960211 1329939709.206081 -76 -65 72
52.960211 1329939709.214368 -76 -66 72
53.001742 1329939709.222719 -77 -66 72
53.001742 1329939709.231070 -77 -67 73
53.043469 1329939709.250126 -77 -67 73
53.043469 1329939709.255956 -78 -68 72
53.086345 1329939709.264342 -78 -69 72
53.086345 1329939709.272632 -79 -69 72
53.119735 1329939709.280936 -79 -70 72
53.119735 1329939709.289235 -79 -71 72
53.165353 1329939709.301075 -79 -72 71
53.165353 1329939709.330820 -79 -72 71
53.201590 1329939709.342097 -79 -73 70
53.201590 1329939709.347546 -79 -74 69
53.259727 1329939709.355843 -78 -75 68
53.259727 1329939709.364311 -78 -76 68
53.289146 1329939709.372503 -78 -77 67
53.289146 1329939709.399983 -78 -78 66
53.319660 1329939709.409480 -77 -79 65
53.319660 1329939709.413989 -77 -79 64
