imu_t vicon_t roll pitch yaw
0.010357 1329704202.022178 -10 -7 -79
1.973058 1329704202.113557 0 0 0
2.006880 1329704202.130520 0 0 0
2.031923 1329704202.138513 0 0 0
2.031923 1329704202.147911 0 0 0
2.065269 1329704202.155471 0 0 0
2.101324 1329704202.163731 0 0 0
2.101324 1329704202.172125 0 0 0
2.123914 1329704202.180703 0 0 0
2.156318 1329704202.193373 0 0 0
2.156318 1329704202.199226 0 0 0
2.181285 1329704202.205509 0 0 0
2.214896 1329704202.213480 0 0 0
2.214896 1329704202.222232 0 0 0
2.251179 1329704202.234014 0 0 0
2.273424 1329704202.238525 0 0 0
2.273424 1329704202.246964 0 0 0
2.306379 1329704202.255900 0 0 0
2.331140 1329704202.263571 0 0 0
2.331140 1329704202.271995 0 0 0
2.364341 1329704202.280317 0 0 0
2.398356 1329704202.288710 0 0 0
2.398356 1329704202.297444 0 0 0
2.422651 1329704202.305601 0 0 0
2.451019 1329704202.313467 0 0 0
2.451019 1329704202.322295 0 0 0
2.481022 1329704202.341663 0 0 0
2.514403 1329704202.346870 0 0 0
2.514403 1329704202.355190 0 0 0
2.546962 1329704202.363906 0 0 0
2.571995 1329704202.371572 0 0 0
2.571995 1329704202.380441 0 0 0
2.604988 1329704202.389004 0 0 0
2.638671 1329704202.396845 0 0 0
2.638671 1329704202.405195 0 0 0
2.663613 1329704202.413791 0 0 0
2.696975 1329704202.421820 0 0 0
2.696975 1329704202.430103 0 0 0
2.721992 1329704202.438927 0 0 0
2.758679 1329704202.446637 0 0 0
2.758679 1329704202.455323 0 0 0
2.780265 1329704202.463720 0 0 0
2.812642 1329704202.471701 0 0 0
2.812642 1329704202.480181 0 0 0
2.846731 1329704202.488823 0 0 0
2.880907 1329704202.496820 0 0 0
2.880907 1329704202.505464 0 0 0
2.904863 1329704202.513751 0 0 0
2.936912 1329704202.521669 0 0 0
2.936912 1329704202.530110 0 0 0
2.963290 1329704202.550479 0 0 0
2.998779 1329704202.554906 0 0 0
2.998779 1329704202.563597 0 0 0
3.038164 1329704202.571789 0 0 0
3.038164 1329704202.579788 0 0 0
3.079654 1329704202.596755 0 -1 0
3.079654 1329704202.605091 0 -1 0
3.117641 1329704202.613501 0 -1 0
3.117641 1329704202.621917 0 -1 0
3.164132 1329704202.630279 0 -1 0
3.164132 1329704202.638399 0 -1 0
3.196613 1329704202.646445 0 -1 0
3.196613 1329704202.655331 0 -1 0
3.221529 1329704202.663184 0 -1 0
3.254672 1329704202.671617 0 -1 0
3.254672 1329704202.679855 0 -1 0
3.296153 1329704202.688711 0 -1 0
3.296153 1329704202.696637 0 -1 0
3.338133 1329704202.705086 0 -1 0
3.338133 1329704202.715656 0 -1 0
3.379800 1329704202.727593 0 0 0
3.379800 1329704202.730189 0 0 0
3.406066 1329704202.738356 0 0 0
3.437996 1329704202.746407 0 0 0
3.437996 1329704202.761589 0 0 0
3.479591 1329704202.764135 0 1 0
3.479591 1329704202.771741 0 2 0
3.512618 1329704202.780086 0 3 0
3.512618 1329704202.788406 0 4 0
3.554632 1329704202.796465 0 6 0
3.554632 1329704202.805094 0 7 0
3.598134 1329704202.813637 0 7 1
3.598134 1329704202.821683 0 8 1
3.637893 1329704202.829966 0 8 0
3.637893 1329704202.838471 1 8 0
3.679322 1329704202.846488 1 8 0
3.679322 1329704202.855063 1 7 0
3.723420 1329704202.863310 1 7 0
3.723420 1329704202.871822 1 6 0
3.754075 1329704202.879867 1 5 0
3.754075 1329704202.888035 1 5 0
3.791871 1329704202.896502 1 4 0
3.791871 1329704202.905540 1 4 0
3.848720 1329704202.913016 0 4 0
3.848720 1329704202.921658 0 4 0
3.871374 1329704202.929707 0 4 0
3.871374 1329704202.937730 0 4 0
3.912930 1329704202.946448 -1 5 0
3.912930 1329704202.954933 -1 5 0
3.954434 1329704202.962915 -2 6 -1
3.954434 1329704202.971767 -2 6 -1
3.996457 1329704202.979708 -2 7 -2
3.996457 1329704202.987971 -2 7 -2
4.037965 1329704202.996307 -2 6 -3
4.037965 1329704203.004863 -3 6 -3
4.071477 1329704203.012639 -3 5 -4
4.071477 1329704203.021710 -3 5 -4
4.112848 1329704203.029818 -3 4 -5
4.112848 1329704203.037850 -3 4 -6
4.160943 1329704203.046351 -3 4 -6
4.160943 1329704203.055056 -3 4 -7
4.196261 1329704203.063040 -3 4 -7
4.196261 1329704203.071531 -3 4 -8
4.237632 1329704203.079858 -3 5 -9
4.237632 1329704203.088150 -2 5 -9
4.272810 1329704203.106302 -2 5 -9
4.272810 1329704203.113169 -2 5 -10
4.312642 1329704203.121497 -1 5 -10
4.312642 1329704203.129877 -1 5 -10
4.354736 1329704203.137802 -1 5 -10
4.354736 1329704203.146551 -1 5 -11
4.396352 1329704203.156179 -1 6 -11
4.396352 1329704203.163210 0 6 -11
4.437683 1329704203.171248 0 6 -11
4.437683 1329704203.179761 0 6 -11
4.471933 1329704203.188065 0 7 -11
4.471933 1329704203.196422 0 7 -11
4.512834 1329704203.204417 0 6 -11
4.512834 1329704203.212981 0 6 -11
4.554520 1329704203.221362 1 6 -12
4.554520 1329704203.235791 1 6 -12
4.596169 1329704203.238172 1 5 -12
4.596169 1329704203.246452 1 5 -12
4.637705 1329704203.257906 1 5 -12
4.637705 1329704203.262958 2 5 -12
4.679579 1329704203.271196 2 5 -12
4.679579 1329704203.279690 2 5 -13
4.713068 1329704203.287963 2 5 -13
4.713068 1329704203.296143 2 5 -13
4.754368 1329704203.317082 2 5 -13
4.754368 1329704203.331240 2 5 -13
4.796060 1329704203.338116 2 4 -13
4.796060 1329704203.346186 2 4 -14
4.837733 1329704203.354753 1 4 -14
4.837733 1329704203.362846 1 4 -14
4.879122 1329704203.376108 1 3 -14
4.879122 1329704203.379530 1 3 -14
4.912979 1329704203.387939 1 3 -14
4.912979 1329704203.396066 1 3 -15
4.954104 1329704203.404701 1 3 -15
4.954104 1329704203.412836 2 3 -15
4.995939 1329704203.420904 2 3 -15
4.995939 1329704203.429380 2 3 -15
5.037655 1329704203.438187 1 3 -16
5.037655 1329704203.445968 1 3 -16
5.080840 1329704203.454642 1 3 -16
5.080840 1329704203.462771 1 3 -16
5.103931 1329704203.475570 1 3 -16
5.133586 1329704203.480814 1 3 -16
5.133586 1329704203.487884 1 4 -16
5.179406 1329704203.496159 1 4 -16
5.179406 1329704203.504608 0 4 -16
5.212633 1329704203.512774 0 5 -16
5.212633 1329704203.525594 0 5 -17
5.254032 1329704203.528989 0 5 -17
5.254032 1329704203.538203 -1 6 -17
5.292207 1329704203.545961 -2 7 -17
5.292207 1329704203.554646 -2 8 -17
5.337348 1329704203.562814 -3 9 -18
5.337348 1329704203.570743 -4 11 -18
5.378887 1329704203.579241 -4 13 -18
5.378887 1329704203.587943 -5 15 -19
5.412237 1329704203.595938 -6 18 -19
5.412237 1329704203.604464 -7 21 -19
5.453673 1329704203.612733 -8 23 -20
5.453673 1329704203.625254 -8 26 -20
5.494850 1329704203.628792 -9 29 -21
5.494850 1329704203.637972 -9 32 -20
5.536838 1329704203.645882 -8 34 -20
5.536838 1329704203.654493 -7 37 -19
5.578258 1329704203.662605 -6 40 -18
5.578258 1329704203.674843 -5 43 -17
5.611535 1329704203.680454 -5 46 -18
5.611535 1329704203.687887 -5 49 -19
5.656097 1329704203.696026 -6 52 -20
5.656097 1329704203.704462 -6 54 -22
5.693943 1329704203.712383 -5 55 -22
5.693943 1329704203.720624 -5 55 -23
5.736157 1329704203.728753 -4 54 -22
5.736157 1329704203.738027 -3 52 -22
5.777758 1329704203.745712 -3 49 -22
5.777758 1329704203.754220 -2 46 -22
5.819205 1329704203.762599 -1 43 -21
5.819205 1329704203.770720 0 40 -21
5.852835 1329704203.778800 1 39 -20
5.852835 1329704203.787445 3 37 -20
5.895299 1329704203.795975 5 36 -20
5.895299 1329704203.804192 8 35 -20
5.955441 1329704203.812378 11 34 -20
5.955441 1329704203.820573 14 32 -20
5.972305 1329704203.828771 17 30 -20
5.972305 1329704203.837710 20 27 -21
6.011651 1329704203.845849 22 24 -22
6.011651 1329704203.854232 25 21 -23
6.053173 1329704203.864515 28 17 -24
6.053173 1329704203.870571 30 14 -26
6.100119 1329704203.878619 33 10 -28
6.100119 1329704203.887454 36 6 -30
6.136741 1329704203.895731 39 1 -32
6.136741 1329704203.903940 41 -3 -35
6.190092 1329704203.913886 43 -8 -38
6.190092 1329704203.920602 45 -13 -42
6.211747 1329704203.928969 47 -17 -46
6.211747 1329704203.937158 50 -22 -50
6.250900 1329704203.945452 52 -25 -53
6.250900 1329704203.953841 54 -27 -55
6.295273 1329704203.964154 56 -28 -55
6.295273 1329704203.978655 56 -29 -55
6.336549 1329704203.990708 56 -29 -55
6.336549 1329704203.996506 56 -29 -54
6.378178 1329704204.008584 55 -29 -53
6.378178 1329704204.011956 53 -28 -52
6.411210 1329704204.020477 52 -27 -51
6.411210 1329704204.029016 50 -27 -50
6.453127 1329704204.037065 49 -26 -49
6.453127 1329704204.045517 47 -25 -49
6.494666 1329704204.053705 45 -24 -49
6.494666 1329704204.062185 43 -23 -48
6.536364 1329704204.070445 41 -22 -47
6.536364 1329704204.078348 38 -20 -46
6.577971 1329704204.093547 35 -18 -44
6.577971 1329704204.095874 32 -16 -43
6.611569 1329704204.103526 29 -14 -42
6.611569 1329704204.112172 26 -12 -40
6.653156 1329704204.120703 23 -9 -39
6.653156 1329704204.128626 20 -7 -38
6.694738 1329704204.137111 17 -6 -37
6.694738 1329704204.145089 15 -4 -36
6.736369 1329704204.153385 12 -3 -35
6.736369 1329704204.162125 10 -1 -34
6.778065 1329704204.170462 9 -1 -34
6.778065 1329704204.178554 7 0 -33
6.811400 1329704204.187064 5 0 -32
6.811400 1329704204.206557 4 0 -31
6.852746 1329704204.211537 3 1 -31
6.852746 1329704204.220390 2 1 -30
6.894716 1329704204.229091 2 1 -29
6.894716 1329704204.236716 1 1 -28
6.936402 1329704204.251733 1 1 -28
6.936402 1329704204.254103 0 1 -27
6.977461 1329704204.261617 0 2 -27
6.977461 1329704204.270159 0 2 -26
7.014296 1329704204.278807 0 2 -26
7.014296 1329704204.286547 0 2 -26
7.057866 1329704204.295257 0 2 -25
7.057866 1329704204.303859 0 2 -25
7.096938 1329704204.311624 0 3 -25
7.096938 1329704204.320168 0 3 -25
7.144421 1329704204.328760 0 3 -25
7.144421 1329704204.338938 0 3 -25
7.177663 1329704204.345125 0 4 -25
7.177663 1329704204.356015 0 4 -24
7.219668 1329704204.361445 0 4 -24
7.219668 1329704204.369961 0 4 -24
7.252572 1329704204.378721 0 4 -24
7.252572 1329704204.386456 0 4 -25
7.294303 1329704204.395119 0 5 -25
7.294303 1329704204.403249 0 5 -25
7.335733 1329704204.411556 0 5 -25
7.335733 1329704204.419821 0 5 -25
7.380660 1329704204.428277 0 5 -25
7.380660 1329704204.436416 0 5 -25
7.419043 1329704204.444890 0 5 -25
7.419043 1329704204.452753 0 5 -25
7.462383 1329704204.461397 1 5 -25
7.462383 1329704204.469533 0 5 -25
7.494317 1329704204.477980 0 5 -25
7.494317 1329704204.486165 0 6 -26
7.545619 1329704204.494848 0 6 -26
7.545619 1329704204.503605 0 6 -26
7.577242 1329704204.511164 0 7 -26
7.577242 1329704204.519473 0 8 -26
7.619146 1329704204.527915 0 9 -26
7.619146 1329704204.536200 0 10 -26
7.652423 1329704204.544500 0 11 -26
7.652423 1329704204.556242 0 12 -26
7.693977 1329704204.561063 -1 14 -26
7.693977 1329704204.569211 -2 15 -26
7.735253 1329704204.577543 -2 16 -26
7.735253 1329704204.586030 -3 18 -27
7.777423 1329704204.594157 -4 19 -27
7.777423 1329704204.602021 -6 21 -28
7.818189 1329704204.610979 -7 23 -29
7.818189 1329704204.619627 -7 25 -29
7.851942 1329704204.627204 -8 27 -29
7.851942 1329704204.635478 -8 29 -30
7.892865 1329704204.644088 -7 31 -29
7.892865 1329704204.652044 -7 34 -29
7.935245 1329704204.660504 -6 36 -29
7.935245 1329704204.668909 -5 39 -30
7.976214 1329704204.677282 -5 41 -30
7.976214 1329704204.685521 -4 44 -30
8.026236 1329704204.694103 -2 46 -29
8.026236 1329704204.701966 0 48 -29
8.064530 1329704204.710271 1 51 -28
8.064530 1329704204.718657 3 52 -28
8.096526 1329704204.727269 5 53 -27
8.096526 1329704204.735365 6 52 -27
8.134525 1329704204.743908 7 51 -27
8.134525 1329704204.751839 8 49 -27
8.180698 1329704204.760779 9 47 -27
8.180698 1329704204.768820 9 44 -28
8.217546 1329704204.777273 10 41 -28
8.217546 1329704204.785699 11 38 -29
8.250841 1329704204.794022 12 34 -30
8.250841 1329704204.802186 15 30 -30
8.293196 1329704204.810703 19 26 -30
8.293196 1329704204.818525 23 21 -31
8.333980 1329704204.827240 27 16 -32
8.333980 1329704204.835347 31 10 -34
8.376371 1329704204.848481 35 4 -37
8.376371 1329704204.851879 38 0 -40
8.417861 1329704204.863908 41 -5 -43
8.417861 1329704204.868822 44 -10 -46
8.454530 1329704204.877117 48 -14 -49
8.454530 1329704204.885466 52 -18 -52
8.492987 1329704204.893932 55 -21 -55
8.492987 1329704204.902057 58 -23 -57
8.534394 1329704204.917889 61 -25 -59
8.534394 1329704204.928257 62 -25 -61
8.576543 1329704204.935467 62 -26 -61
8.576543 1329704204.943674 62 -26 -60
8.622024 1329704204.951995 60 -26 -59
8.622024 1329704204.960070 58 -25 -57
8.650969 1329704204.968827 56 -24 -56
8.650969 1329704204.986152 54 -22 -55
8.692877 1329704204.993724 51 -21 -54
8.692877 1329704205.002470 49 -19 -53
8.742930 1329704205.010138 46 -18 -52
8.742930 1329704205.018390 43 -16 -51
8.776597 1329704205.026961 39 -15 -50
8.776597 1329704205.042077 35 -13 -49
8.817484 1329704205.053365 31 -12 -48
8.817484 1329704205.060427 27 -10 -46
8.853625 1329704205.068481 23 -8 -45
8.853625 1329704205.080180 19 -7 -43
8.893338 1329704205.086516 15 -6 -42
8.893338 1329704205.093486 11 -4 -40
8.935910 1329704205.104020 7 -2 -39
8.935910 1329704205.123905 4 0 -38
8.976009 1329704205.126667 1 0 -37
8.976009 1329704205.135372 0 1 -36
9.017692 1329704205.143446 0 2 -35
9.017692 1329704205.151688 -1 4 -34
9.059102 1329704205.160193 -1 5 -34
9.059102 1329704205.168299 -1 5 -33
9.092058 1329704205.176818 -1 6 -33
9.092058 1329704205.184919 -1 6 -32
9.133743 1329704205.193409 -1 7 -32
9.133743 1329704205.201928 -1 7 -32
9.185545 1329704205.209915 0 7 -32
9.185545 1329704205.222869 0 7 -31
9.218162 1329704205.226619 0 7 -31
9.218162 1329704205.234885 0 7 -31
9.260509 1329704205.243498 0 7 -31
9.260509 1329704205.251504 0 7 -30
9.292020 1329704205.269356 0 7 -30
9.292020 1329704205.276686 0 7 -30
9.333817 1329704205.285070 0 7 -30
9.333817 1329704205.292924 0 7 -30
9.374937 1329704205.301839 0 7 -30
9.374937 1329704205.309965 0 8 -30
9.417060 1329704205.318254 0 8 -30
9.417060 1329704205.326792 0 8 -30
9.458419 1329704205.334847 0 8 -30
9.458419 1329704205.343058 0 9 -29
9.500810 1329704205.351580 0 9 -29
9.500810 1329704205.359894 0 10 -29
9.533810 1329704205.379242 0 10 -29
9.533810 1329704205.392331 0 10 -29
9.574922 1329704205.394065 0 11 -29
9.574922 1329704205.401367 0 11 -29
9.616784 1329704205.410092 0 11 -28
9.616784 1329704205.417713 0 12 -28
9.654312 1329704205.426499 0 12 -28
9.654312 1329704205.434904 0 12 -27
9.691742 1329704205.443327 0 12 -27
9.691742 1329704205.451245 0 12 -26
9.733014 1329704205.459892 0 12 -26
9.733014 1329704205.467849 0 13 -26
9.774909 1329704205.476448 0 13 -26
9.774909 1329704205.484858 0 13 -25
9.823422 1329704205.495193 0 13 -25
9.823422 1329704205.501344 0 14 -25
9.857685 1329704205.511293 0 14 -24
9.857685 1329704205.517827 0 14 -24
9.899021 1329704205.527087 0 15 -24
9.899021 1329704205.534765 0 15 -23
9.932997 1329704205.543260 0 15 -23
9.932997 1329704205.551233 0 15 -23
9.976819 1329704205.559488 0 15 -22
9.976819 1329704205.567755 0 15 -22
10.015538 1329704205.576240 0 16 -21
10.015538 1329704205.584854 -1 16 -21
10.057443 1329704205.593063 -1 17 -20
10.057443 1329704205.601175 -1 18 -20
10.092632 1329704205.609723 -1 19 -20
10.092632 1329704205.617854 -1 19 -19
10.131873 1329704205.626400 -1 20 -19
10.131873 1329704205.634623 -1 21 -18
10.174395 1329704205.643232 -2 22 -18
10.174395 1329704205.651547 -3 22 -18
10.219359 1329704205.659767 -3 23 -17
10.219359 1329704205.668123 -4 24 -17
10.257010 1329704205.676174 -5 25 -17
10.257010 1329704205.684877 -6 25 -17
10.298764 1329704205.703405 -6 26 -18
10.298764 1329704205.709876 -7 27 -18
10.332019 1329704205.718085 -8 29 -18
10.332019 1329704205.726309 -8 30 -18
10.373985 1329704205.734796 -8 31 -18
10.373985 1329704205.743185 -8 32 -18
10.415143 1329704205.760033 -8 33 -17
10.415143 1329704205.771621 -8 35 -17
10.456920 1329704205.776184 -7 37 -16
10.456920 1329704205.784514 -7 40 -16
10.498316 1329704205.793136 -7 43 -17
10.498316 1329704205.801400 -6 45 -17
10.532008 1329704205.809403 -5 47 -17
10.532008 1329704205.828645 -3 49 -16
10.572783 1329704205.834468 -1 51 -16
10.572783 1329704205.843054 0 53 -15
10.618676 1329704205.851144 0 54 -15
10.618676 1329704205.859345 0 54 -14
10.663158 1329704205.867522 0 53 -14
10.663158 1329704205.885546 0 52 -14
10.697622 1329704205.897070 0 50 -13
10.697622 1329704205.902178 0 49 -12
10.731245 1329704205.913439 0 48 -12
10.731245 1329704205.917871 1 47 -11
10.776111 1329704205.926220 2 47 -11
10.776111 1329704205.934647 3 47 -11
10.815430 1329704205.953950 4 47 -11
10.815430 1329704205.959637 6 46 -10
10.856377 1329704205.968134 8 45 -10
10.856377 1329704205.976601 10 42 -10
10.898655 1329704205.984293 12 39 -10
10.898655 1329704205.992955 15 34 -11
10.931779 1329704206.002582 17 28 -11
10.931779 1329704206.009551 21 22 -12
10.973030 1329704206.018180 24 16 -14
10.973030 1329704206.026576 27 10 -15
11.018861 1329704206.034468 31 4 -18
11.018861 1329704206.043078 34 -1 -20
11.056476 1329704206.051444 38 -6 -23
11.056476 1329704206.059645 41 -11 -26
11.104011 1329704206.068198 45 -17 -30
11.104011 1329704206.076800 48 -22 -34
11.142111 1329704206.084556 52 -26 -39
11.142111 1329704206.093189 55 -31 -44
11.173340 1329704206.101631 59 -35 -49
11.173340 1329704206.113674 63 -38 -54
11.216133 1329704206.121138 65 -40 -57
11.216133 1329704206.126648 67 -41 -59
11.260543 1329704206.134738 68 -41 -60
11.260543 1329704206.143229 68 -42 -59
11.298790 1329704206.151624 67 -41 -57
11.298790 1329704206.168205 65 -40 -55
11.331852 1329704206.170729 63 -39 -53
11.331852 1329704206.176706 61 -38 -51
11.373342 1329704206.184585 58 -36 -49
11.373342 1329704206.193214 55 -35 -47
11.415514 1329704206.201881 52 -33 -46
11.415514 1329704206.214561 49 -31 -44
11.456361 1329704206.218120 46 -28 -42
11.456361 1329704206.226913 42 -26 -40
11.498710 1329704206.234610 38 -23 -38
11.498710 1329704206.243095 34 -20 -36
11.531869 1329704206.251499 30 -17 -34
11.531869 1329704206.266155 26 -14 -33
11.585614 1329704206.279991 22 -11 -31
11.585614 1329704206.284975 18 -8 -30
11.615080 1329704206.293042 14 -5 -29
11.615080 1329704206.301459 11 -3 -28
11.656318 1329704206.309862 7 -1 -27
11.656318 1329704206.317810 5 0 -26
11.698751 1329704206.327069 2 2 -25
11.698751 1329704206.335031 0 3 -25
11.732033 1329704206.342920 -1 4 -24
11.732033 1329704206.351539 -2 6 -23
11.772830 1329704206.359843 -3 7 -22
11.772830 1329704206.367955 -3 8 -22
11.814609 1329704206.378027 -4 8 -21
11.814609 1329704206.385035 -4 9 -21
11.851132 1329704206.393073 -4 10 -21
11.851132 1329704206.401540 -4 11 -20
11.900675 1329704206.410098 -4 12 -20
11.900675 1329704206.417910 -4 13 -19
11.938502 1329704206.426749 -4 14 -19
11.938502 1329704206.435201 -4 15 -18
11.985024 1329704206.443135 -3 16 -18
11.985024 1329704206.451550 -3 17 -18
12.013828 1329704206.460008 -3 17 -17
12.013828 1329704206.467985 -3 18 -17
12.055319 1329704206.476840 -2 18 -17
12.055319 1329704206.484895 -2 19 -17
12.096664 1329704206.493202 -2 19 -17
12.096664 1329704206.501609 -2 19 -17
12.138805 1329704206.509954 -2 19 -17
12.138805 1329704206.518114 -2 19 -17
12.172008 1329704206.528969 -2 19 -17
12.172008 1329704206.535071 -2 19 -17
12.213548 1329704206.542900 -2 18 -17
12.213548 1329704206.551484 -2 18 -17
12.255023 1329704206.559675 -2 18 -17
12.255023 1329704206.568112 -2 18 -17
12.296596 1329704206.577012 -2 18 -17
12.296596 1329704206.584854 -1 18 -17
12.338744 1329704206.592852 -1 18 -17
12.338744 1329704206.601493 -1 18 -17
12.372146 1329704206.609595 -1 18 -17
12.372146 1329704206.618013 -1 18 -17
12.413197 1329704206.626196 -1 18 -17
12.413197 1329704206.634714 -1 18 -17
12.455084 1329704206.642864 -1 18 -17
12.455084 1329704206.651126 -1 18 -17
12.496694 1329704206.659784 -1 18 -17
12.496694 1329704206.668155 -1 18 -17
12.540231 1329704206.678606 -1 17 -17
12.540231 1329704206.684612 -1 17 -17
12.571321 1329704206.692728 -1 17 -17
12.571321 1329704206.701341 -1 17 -17
12.613261 1329704206.709818 -1 17 -17
12.613261 1329704206.718015 -1 17 -17
12.654711 1329704206.726741 -1 17 -17
12.654711 1329704206.734985 -1 17 -17
12.696519 1329704206.742977 -1 17 -17
12.696519 1329704206.751358 -1 17 -17
12.738415 1329704206.759694 -1 18 -17
12.738415 1329704206.768037 -1 18 -17
12.771434 1329704206.776415 -1 18 -18
12.771434 1329704206.784827 -1 19 -18
12.813239 1329704206.792982 -2 19 -18
12.813239 1329704206.801317 -2 20 -18
12.854603 1329704206.809584 -3 21 -19
12.854603 1329704206.818325 -4 23 -19
12.896443 1329704206.829237 -4 24 -19
12.896443 1329704206.834621 -5 24 -19
12.947285 1329704206.842829 -5 25 -20
12.947285 1329704206.851295 -5 26 -20
12.979454 1329704206.859503 -6 27 -20
12.979454 1329704206.868182 -6 28 -20
13.021932 1329704206.879961 -6 29 -21
13.021932 1329704206.884685 -6 30 -21
13.056662 1329704206.892964 -5 32 -20
13.056662 1329704206.901342 -5 34 -20
13.097095 1329704206.909500 -4 36 -20
13.097095 1329704206.918079 -4 39 -20
13.131268 1329704206.926290 -3 42 -19
13.131268 1329704206.934520 -3 45 -19
13.174972 1329704206.942959 -3 47 -20
13.174972 1329704206.951315 -4 50 -20
13.212513 1329704206.959607 -5 52 -20
13.212513 1329704206.968069 -7 54 -21
13.253963 1329704206.976565 -8 56 -22
13.253963 1329704206.984408 -8 57 -23
13.297422 1329704206.992803 -8 57 -23
13.297422 1329704207.001208 -6 56 -22
13.336127 1329704207.009564 -4 54 -20
13.336127 1329704207.018252 -1 52 -18
13.371556 1329704207.026588 1 48 -16
13.371556 1329704207.034655 4 45 -15
13.412498 1329704207.042862 6 41 -14
13.412498 1329704207.051415 9 38 -14
13.454613 1329704207.059358 11 35 -14
13.454613 1329704207.079407 13 32 -14
13.496406 1329704207.084625 15 28 -15
13.496406 1329704207.092803 18 24 -15
13.538012 1329704207.101169 20 19 -16
13.538012 1329704207.109393 24 13 -17
13.571050 1329704207.117854 27 6 -19
13.571050 1329704207.126351 31 0 -21
13.612353 1329704207.134620 35 -6 -24
13.612353 1329704207.142884 40 -12 -27
13.660105 1329704207.151057 46 -18 -31
13.660105 1329704207.159409 52 -23 -36
13.696144 1329704207.167736 58 -27 -40
13.696144 1329704207.176290 63 -30 -44
13.737760 1329704207.186015 68 -32 -47
13.737760 1329704207.192706 71 -33 -49
13.772508 1329704207.200989 73 -33 -49
13.772508 1329704207.209265 73 -33 -48
13.821506 1329704207.217765 72 -33 -47
13.821506 1329704207.226039 70 -33 -45
13.854258 1329704207.238822 67 -32 -43
13.854258 1329704207.242721 63 -31 -41
13.895815 1329704207.251009 59 -29 -39
13.895815 1329704207.259197 55 -28 -37
13.937529 1329704207.267801 50 -26 -35
13.937529 1329704207.276038 46 -23 -33
13.971729 1329704207.284578 41 -20 -31
13.971729 1329704207.292502 36 -18 -29
14.012535 1329704207.300836 32 -15 -28
14.012535 1329704207.309076 27 -12 -27
14.053846 1329704207.317867 23 -10 -26
14.053846 1329704207.326092 18 -7 -25
14.091695 1329704207.334436 14 -5 -24
14.091695 1329704207.343360 11 -3 -24
14.138639 1329704207.351040 7 -1 -23
14.138639 1329704207.359288 4 0 -22
14.180197 1329704207.367792 2 0 -22
14.180197 1329704207.375828 0 1 -21
14.212247 1329704207.384169 0 2 -21
14.212247 1329704207.397169 -1 2 -21
14.260901 1329704207.401184 -2 3 -20
14.260901 1329704207.409287 -3 4 -20
14.299391 1329704207.417633 -4 4 -19
14.299391 1329704207.425964 -4 5 -19
14.345498 1329704207.434167 -5 6 -19
14.345498 1329704207.442648 -5 7 -18
14.378781 1329704207.450958 -6 8 -18
14.378781 1329704207.459357 -6 10 -18
14.412049 1329704207.467343 -6 11 -18
14.412049 1329704207.475752 -6 12 -18
14.453183 1329704207.484130 -7 13 -17
14.453183 1329704207.492507 -6 13 -17
14.495351 1329704207.512546 -6 14 -17
14.495351 1329704207.517447 -6 15 -17
14.537347 1329704207.525640 -6 15 -17
14.537347 1329704207.533816 -6 15 -16
14.577944 1329704207.542030 -5 16 -16
14.577944 1329704207.552780 -5 16 -16
14.611349 1329704207.558906 -5 16 -16
14.611349 1329704207.566926 -5 16 -16
14.653267 1329704207.575119 -4 16 -16
14.653267 1329704207.583450 -4 15 -16
14.695402 1329704207.591665 -4 15 -16
14.695402 1329704207.600087 -4 15 -16
14.736906 1329704207.608802 -4 15 -16
14.736906 1329704207.616993 -4 15 -16
14.778206 1329704207.624961 -4 15 -16
14.778206 1329704207.634415 -5 16 -16
14.812140 1329704207.641964 -5 16 -16
14.812140 1329704207.649856 -5 16 -16
14.862858 1329704207.658754 -5 17 -16
14.862858 1329704207.666989 -4 17 -16
14.894218 1329704207.675014 -4 18 -16
14.894218 1329704207.683523 -4 18 -16
14.936367 1329704207.691539 -4 18 -15
14.936367 1329704207.699571 -4 18 -15
14.978645 1329704207.708576 -4 19 -15
14.978645 1329704207.716707 -4 19 -15
15.011394 1329704207.724607 -4 20 -16
15.011394 1329704207.733316 -4 20 -16
15.053741 1329704207.741378 -5 21 -16
15.053741 1329704207.749355 -5 21 -16
15.094363 1329704207.761323 -5 22 -16
15.094363 1329704207.766365 -6 22 -16
15.135994 1329704207.774435 -6 23 -16
15.135994 1329704207.783219 -6 24 -16
15.178637 1329704207.791045 -7 25 -16
15.178637 1329704207.799219 -7 26 -16
15.211028 1329704207.809737 -7 28 -16
15.211028 1329704207.816638 -8 29 -16
15.252343 1329704207.824582 -8 31 -15
15.252343 1329704207.833260 -8 32 -15
15.298562 1329704207.841392 -8 34 -15
15.298562 1329704207.849540 -8 36 -14
15.335596 1329704207.858102 -8 38 -15
15.335596 1329704207.866817 -9 40 -15
15.377155 1329704207.874662 -9 42 -15
15.377155 1329704207.883042 -10 44 -16
15.421524 1329704207.891355 -10 47 -17
15.421524 1329704207.899824 -11 50 -18
15.451733 1329704207.907960 -11 53 -19
15.451733 1329704207.916529 -11 54 -20
15.493600 1329704207.924463 -10 54 -20
15.493600 1329704207.932912 -8 53 -20
15.535224 1329704207.941617 -6 51 -18
15.535224 1329704207.949746 -4 49 -17
15.577256 1329704207.958103 -1 47 -15
15.577256 1329704207.967074 1 44 -14
15.614289 1329704207.975158 4 41 -13
15.614289 1329704207.983556 8 38 -12
15.652432 1329704207.991862 12 34 -11
15.652432 1329704208.000562 16 29 -11
15.694879 1329704208.008687 20 24 -11
15.694879 1329704208.022289 23 19 -12
15.735592 1329704208.036598 26 14 -13
15.735592 1329704208.060688 29 8 -15
15.777467 1329704208.074542 32 3 -17
15.777467 1329704208.077581 35 -1 -20
15.811686 1329704208.083884 38 -7 -22
15.811686 1329704208.091946 41 -12 -26
15.857673 1329704208.100401 44 -18 -30
15.857673 1329704208.108572 47 -23 -34
15.894104 1329704208.116784 51 -27 -38
15.894104 1329704208.124964 54 -30 -41
15.935799 1329704208.133414 57 -32 -42
15.935799 1329704208.153369 59 -33 -43
16.002265 1329704208.158487 59 -33 -42
16.002265 1329704208.166877 59 -33 -41
16.025775 1329704208.175175 58 -32 -39
16.025775 1329704208.183300 56 -31 -38
16.052711 1329704208.191431 55 -29 -36
16.052711 1329704208.205396 52 -27 -34
16.093832 1329704208.208290 50 -25 -33
16.093832 1329704208.217044 47 -23 -31
16.136688 1329704208.224909 44 -21 -30
16.136688 1329704208.233447 42 -18 -29
16.171491 1329704208.241983 39 -15 -27
16.171491 1329704208.250319 36 -13 -26
16.219658 1329704208.271328 33 -10 -25
16.219658 1329704208.295301 30 -7 -24
16.252208 1329704208.309870 27 -4 -23
16.252208 1329704208.316928 23 -2 -23
16.293710 1329704208.325182 20 0 -22
16.293710 1329704208.333739 17 2 -21
16.333199 1329704208.356146 14 5 -21
16.333199 1329704208.359247 11 7 -20
16.372272 1329704208.367556 8 9 -20
16.372272 1329704208.375226 6 11 -19
16.426139 1329704208.383954 4 12 -19
16.426139 1329704208.391859 2 14 -18
16.451610 1329704208.400503 0 15 -17
16.451610 1329704208.408437 0 17 -17
16.493534 1329704208.417051 -2 18 -16
16.493534 1329704208.424916 -3 19 -16
16.534926 1329704208.433318 -4 20 -15
16.534926 1329704208.441930 -5 21 -15
16.576780 1329704208.450038 -5 22 -14
16.576780 1329704208.458396 -6 23 -14
16.617858 1329704208.466668 -6 23 -13
16.617858 1329704208.474958 -6 24 -12
16.659477 1329704208.483424 -6 25 -12
16.659477 1329704208.491604 -6 25 -12
16.692782 1329704208.501661 -6 25 -11
16.692782 1329704208.508292 -6 26 -11
16.734245 1329704208.516488 -6 26 -11
16.734245 1329704208.524810 -6 26 -11
16.775775 1329704208.533328 -5 26 -10
16.775775 1329704208.541550 -5 26 -10
16.811011 1329704208.552807 -5 26 -10
16.811011 1329704208.558395 -5 26 -10
16.850902 1329704208.566436 -5 26 -10
16.850902 1329704208.575105 -5 26 -9
16.892672 1329704208.583345 -5 26 -9
16.892672 1329704208.591445 -5 26 -9
16.934165 1329704208.599857 -5 26 -9
16.934165 1329704208.608327 -5 26 -9
16.971265 1329704208.616421 -5 26 -9
16.971265 1329704208.624799 -5 26 -9
17.011014 1329704208.633560 -5 26 -9
17.011014 1329704208.641619 -5 26 -9
17.059315 1329704208.649651 -4 26 -9
17.059315 1329704208.660865 -4 25 -9
17.100522 1329704208.666443 -4 25 -9
17.100522 1329704208.674706 -4 25 -9
17.133797 1329704208.683207 -4 25 -9
17.133797 1329704208.691370 -3 24 -9
17.174740 1329704208.707352 -3 24 -9
17.174740 1329704208.710782 -3 24 -9
17.222089 1329704208.716740 -3 23 -9
17.222089 1329704208.724769 -3 23 -9
17.258827 1329704208.733317 -3 22 -9
17.258827 1329704208.741580 -2 22 -9
17.291933 1329704208.749612 -2 21 -9
17.291933 1329704208.758409 -2 21 -9
17.336391 1329704208.766501 -2 20 -8
17.336391 1329704208.774586 -2 20 -8
17.374794 1329704208.783303 -2 19 -8
17.374794 1329704208.791796 -1 18 -8
17.417109 1329704208.799904 -1 17 -8
17.417109 1329704208.808363 -1 15 -8
17.465015 1329704208.816819 -1 14 -8
17.465015 1329704208.824546 -1 13 -8
17.501654 1329704208.833240 -1 12 -8
17.501654 1329704208.841558 -1 11 -8
17.532523 1329704208.849596 -1 11 -8
17.532523 1329704208.858347 -1 11 -8
17.575128 1329704208.866519 -1 11 -7
17.575128 1329704208.874426 0 12 -8
17.616633 1329704208.883291 0 13 -8
17.616633 1329704208.891641 0 14 -8
17.658172 1329704208.902191 0 16 -8
17.658172 1329704208.908514 -1 16 -9
17.691936 1329704208.916658 -1 17 -9
17.691936 1329704208.924238 -2 17 -9
17.733735 1329704208.933436 -3 17 -9
17.733735 1329704208.952757 -3 17 -9
17.775070 1329704208.958002 -4 17 -9
17.775070 1329704208.966560 -5 17 -9
17.816527 1329704208.974687 -5 17 -9
17.816527 1329704208.982902 -5 18 -9
17.856531 1329704208.991411 -6 19 -9
17.856531 1329704208.999905 -6 21 -9
17.891750 1329704209.007724 -6 22 -9
17.891750 1329704209.016704 -5 24 -9
17.933456 1329704209.024542 -5 27 -9
17.933456 1329704209.032895 -5 29 -9
17.974925 1329704209.041632 -4 32 -8
17.974925 1329704209.051497 -3 36 -7
18.016119 1329704209.057975 -3 39 -6
18.016119 1329704209.066424 -3 42 -6
18.060196 1329704209.074697 -3 46 -6
18.060196 1329704209.082734 -2 48 -7
18.099100 1329704209.091375 -2 51 -7
18.099100 1329704209.103049 -2 52 -8
18.132591 1329704209.119558 -1 52 -8
18.132591 1329704209.135116 0 51 -7
18.174248 1329704209.148078 2 49 -6
18.174248 1329704209.163114 4 46 -6
18.218916 1329704209.178224 6 43 -5
18.218916 1329704209.202212 9 40 -5
18.259215 1329704209.225737 13 36 -5
18.259215 1329704209.249672 16 33 -5
18.291703 1329704209.273062 19 29 -6
18.291703 1329704209.276121 21 25 -7
18.333494 1329704209.282974 24 20 -8
18.333494 1329704209.291077 27 15 -10
18.374495 1329704209.299861 30 9 -11
18.374495 1329704209.307997 33 3 -14
18.416147 1329704209.324873 37 -3 -16
18.416147 1329704209.332791 42 -9 -20
18.453118 1329704209.341382 46 -15 -23
18.453118 1329704209.349522 51 -20 -27
18.493885 1329704209.357678 57 -25 -31
18.493885 1329704209.366320 62 -28 -34
18.533117 1329704209.379081 66 -30 -36
18.533117 1329704209.382380 70 -32 -38
18.574404 1329704209.391189 72 -33 -39
18.574404 1329704209.399518 73 -34 -39
18.617254 1329704209.407942 72 -35 -39
18.617254 1329704209.416169 71 -35 -38
18.659838 1329704209.424564 69 -34 -37
18.659838 1329704209.432573 67 -34 -36
18.691084 1329704209.441045 64 -33 -34
18.691084 1329704209.449368 61 -31 -32
18.732662 1329704209.457687 58 -29 -30
18.732662 1329704209.466431 55 -27 -29
18.774520 1329704209.485921 52 -25 -27
18.774520 1329704209.491054 49 -22 -25
18.829317 1329704209.499411 46 -20 -23
18.829317 1329704209.507394 43 -17 -21
18.857830 1329704209.516203 40 -14 -20
18.857830 1329704209.524312 37 -12 -18
18.891619 1329704209.552961 34 -9 -17
18.891619 1329704209.567607 31 -7 -16
18.933039 1329704209.574274 28 -5 -15
18.933039 1329704209.582630 25 -3 -14
18.976918 1329704209.590985 23 -1 -13
18.976918 1329704209.599484 20 0 -13
19.017044 1329704209.615436 18 1 -12
19.017044 1329704209.618818 15 1 -11
19.050976 1329704209.635957 13 2 -11
19.050976 1329704209.650852 11 2 -10
19.098855 1329704209.672653 9 3 -10
19.098855 1329704209.675929 8 3 -9
19.133999 1329704209.682527 6 3 -9
19.133999 1329704209.690481 5 3 -8
19.174565 1329704209.700861 4 4 -7
19.174565 1329704209.707957 4 4 -7
19.222448 1329704209.715841 3 5 -6
19.222448 1329704209.724359 3 5 -6
19.257349 1329704209.732662 2 5 -6
19.257349 1329704209.740483 2 6 -5
19.298893 1329704209.753416 2 6 -5
19.298893 1329704209.757710 1 7 -5
19.334168 1329704209.765604 1 7 -5
19.334168 1329704209.774278 1 7 -5
19.373662 1329704209.782793 1 7 -5
19.373662 1329704209.790548 1 8 -5
19.416336 1329704209.799246 1 8 -5
19.416336 1329704209.807376 1 8 -5
19.456489 1329704209.815896 1 8 -4
19.456489 1329704209.824265 1 8 -4
19.496414 1329704209.832408 1 9 -4
19.496414 1329704209.840520 1 9 -4
19.531566 1329704209.848966 1 9 -4
19.531566 1329704209.865124 1 9 -4
19.573542 1329704209.868253 1 9 -4
19.573542 1329704209.874066 1 9 -4
19.618690 1329704209.882585 1 9 -4
19.618690 1329704209.890327 0 9 -4
19.656879 1329704209.898918 0 9 -4
19.656879 1329704209.907340 0 9 -4
19.698235 1329704209.915780 0 9 -4
19.698235 1329704209.923477 0 9 -3
19.731673 1329704209.932264 0 9 -3
19.731673 1329704209.940032 0 9 -3
19.773361 1329704209.948559 0 9 -3
19.773361 1329704209.957183 0 9 -3
19.814533 1329704209.965255 0 9 -3
19.814533 1329704209.973763 0 9 -3
19.856792 1329704209.981945 0 9 -3
19.856792 1329704209.990288 0 9 -3
19.897912 1329704209.998073 0 9 -3
19.897912 1329704210.006959 0 9 -3
19.931321 1329704210.015282 0 9 -3
19.931321 1329704210.023430 0 9 -3
19.972995 1329704210.032020 0 9 -3
19.972995 1329704210.040512 0 9 -3
20.014670 1329704210.048463 0 9 -3
20.014670 1329704210.065238 0 9 -4
20.056071 1329704210.073200 0 9 -4
20.056071 1329704210.081484 0 9 -4
20.098086 1329704210.090109 1 9 -4
20.098086 1329704210.098239 1 9 -4
20.131533 1329704210.106531 1 9 -4
20.131533 1329704210.116676 1 8 -4
20.172645 1329704210.131461 0 8 -4
20.172645 1329704210.146687 0 7 -4
20.214450 1329704210.169790 0 6 -4
20.214450 1329704210.183842 0 5 -4
20.261013 1329704210.189835 0 3 -4
20.261013 1329704210.201728 0 2 -4
20.299114 1329704210.206344 0 1 -4
20.299114 1329704210.215110 0 0 -4
20.339341 1329704210.223419 0 1 -4
20.339341 1329704210.231544 -1 2 -5
20.372468 1329704210.239757 -2 5 -5
20.372468 1329704210.254325 -3 9 -5
20.413921 1329704210.257124 -4 14 -6
20.413921 1329704210.271780 -5 20 -7
20.457100 1329704210.285940 -6 25 -7
20.457100 1329704210.289876 -7 31 -8
20.497388 1329704210.297833 -7 35 -8
20.497388 1329704210.306483 -8 39 -9
20.539092 1329704210.314963 -8 41 -9
20.539092 1329704210.322936 -8 43 -8
20.572286 1329704210.331475 -8 44 -8
20.572286 1329704210.339730 -7 45 -7
20.614703 1329704210.348033 -6 46 -7
20.614703 1329704210.356202 -5 47 -6
20.655115 1329704210.364807 -3 47 -5
20.655115 1329704210.383843 -1 48 -4
20.696829 1329704210.389889 0 49 -3
20.696829 1329704210.398450 0 51 -3
20.731113 1329704210.406775 1 53 -3
20.731113 1329704210.414871 3 54 -2
20.773691 1329704210.423407 5 57 -2
20.773691 1329704210.439189 7 58 -2
20.821205 1329704210.454127 8 59 -1
20.821205 1329704210.457219 10 57 -1
20.855656 1329704210.464795 12 54 0
20.855656 1329704210.472901 14 51 0
20.896839 1329704210.481630 16 47 0
20.896839 1329704210.489352 18 43 0
20.941702 1329704210.504275 21 39 1
20.941702 1329704210.507034 24 37 2
20.972338 1329704210.515099 28 34 3
20.972338 1329704210.523196 32 31 4
21.013859 1329704210.531592 36 28 4
21.013859 1329704210.539896 41 23 3
21.062589 1329704210.548090 44 18 1
21.062589 1329704210.559736 48 12 -2
21.097363 1329704210.564927 50 7 -6
21.097363 1329704210.573133 53 2 -11
21.138991 1329704210.581236 56 -2 -16
21.138991 1329704210.589888 59 -7 -21
21.172571 1329704210.598216 62 -11 -27
21.172571 1329704210.611951 65 -15 -32
21.213660 1329704210.614692 68 -17 -37
21.213660 1329704210.623040 71 -20 -41
21.254687 1329704210.631224 73 -22 -44
21.254687 1329704210.639708 75 -23 -45
21.304172 1329704210.648022 76 -24 -46
21.304172 1329704210.656204 76 -24 -45
21.338094 1329704210.665657 74 -25 -44
21.338094 1329704210.681743 72 -25 -43
21.372075 1329704210.694508 70 -25 -41
21.372075 1329704210.699841 66 -24 -39
21.413635 1329704210.706364 62 -24 -37
21.413635 1329704210.714544 58 -23 -36
21.457633 1329704210.727187 52 -22 -34
21.457633 1329704210.732636 47 -22 -33
21.497034 1329704210.745552 40 -22 -32
21.497034 1329704210.748524 34 -22 -31
21.539044 1329704210.756220 27 -21 -29
21.539044 1329704210.764642 20 -21 -27
21.572212 1329704210.773244 14 -20 -25
21.572212 1329704210.783800 9 -18 -23
21.613629 1329704210.789977 5 -16 -21
21.613629 1329704210.798092 2 -14 -19
21.656613 1329704210.806676 0 -13 -18
21.656613 1329704210.814885 0 -11 -17
21.697082 1329704210.833795 -1 -10 -16
21.697082 1329704210.848143 -1 -9 -16
21.742284 1329704210.856378 0 -8 -15
21.742284 1329704210.865012 0 -7 -14
21.772336 1329704210.872861 0 -7 -13
21.772336 1329704210.881801 1 -6 -13
21.813803 1329704210.889503 2 -6 -12
21.813803 1329704210.898382 2 -5 -11
21.855087 1329704210.906306 2 -4 -11
21.855087 1329704210.914986 2 -4 -10
21.897204 1329704210.922834 2 -4 -10
21.897204 1329704210.931727 1 -3 -10
21.948001 1329704210.939448 1 -3 -9
21.948001 1329704210.955737 1 -3 -9
21.971455 1329704210.958880 1 -3 -9
21.971455 1329704210.964391 1 -2 -9
22.013039 1329704210.973121 1 -2 -9
22.013039 1329704210.981468 1 -2 -9
22.061493 1329704210.989649 1 -2 -9
22.061493 1329704210.998536 1 -2 -9
22.096325 1329704211.012948 1 -2 -9
22.096325 1329704211.024776 1 -2 -9
22.140088 1329704211.041061 1 -2 -9
22.140088 1329704211.063699 1 -3 -8
22.172893 1329704211.066859 1 -2 -8
22.172893 1329704211.072721 1 -2 -8
22.212518 1329704211.081204 1 -2 -9
22.212518 1329704211.089262 1 -2 -9
22.254351 1329704211.097631 1 -2 -9
22.254351 1329704211.105899 1 -1 -9
22.296359 1329704211.114362 1 -1 -9
22.296359 1329704211.122824 1 -1 -9
22.337697 1329704211.131064 1 0 -9
22.337697 1329704211.141691 1 0 -9
22.371042 1329704211.147779 1 0 -9
22.371042 1329704211.155812 1 0 -9
22.412317 1329704211.164368 1 0 -9
22.412317 1329704211.172768 1 0 -9
22.454239 1329704211.182883 1 0 -9
22.454239 1329704211.197325 1 0 -9
22.506929 1329704211.218756 1 1 -9
22.506929 1329704211.222391 1 1 -9
22.531925 1329704211.230684 1 0 -9
22.531925 1329704211.239009 1 0 -9
22.570992 1329704211.247628 1 0 -9
22.570992 1329704211.255329 1 0 -9
22.613682 1329704211.271259 1 -1 -9
22.613682 1329704211.274216 0 -1 -9
22.653918 1329704211.290809 0 -2 -9
22.653918 1329704211.323401 0 -2 -9
22.695493 1329704211.335686 1 -2 -9
22.695493 1329704211.350218 1 -2 -9
22.737242 1329704211.365732 1 -2 -10
22.737242 1329704211.372481 1 -2 -10
22.780610 1329704211.383388 1 -2 -10
22.780610 1329704211.389042 1 -2 -10
22.823278 1329704211.397302 1 -2 -10
22.823278 1329704211.405305 1 -2 -10
22.853777 1329704211.413969 1 -2 -10
22.853777 1329704211.422452 0 -2 -10
22.895418 1329704211.430000 0 -2 -10
22.895418 1329704211.439125 0 -2 -10
22.933572 1329704211.447119 0 -2 -10
22.933572 1329704211.455587 0 -2 -10
22.978893 1329704211.463634 0 -2 -10
22.978893 1329704211.472448 0 -1 -10
23.012314 1329704211.480168 0 -1 -10
23.012314 1329704211.496967 0 -1 -10
23.053519 1329704211.499732 0 -1 -10
23.053519 1329704211.505870 0 0 -10
23.095978 1329704211.513883 0 0 -10
23.095978 1329704211.522322 0 1 -10
23.136943 1329704211.530240 0 2 -10
23.136943 1329704211.538978 0 3 -10
23.182943 1329704211.547239 0 5 -9
23.182943 1329704211.555498 -1 6 -9
23.212081 1329704211.563692 -2 7 -9
23.212081 1329704211.572320 -3 7 -9
23.253601 1329704211.580389 -4 8 -9
23.253601 1329704211.588782 -4 9 -9
23.294852 1329704211.605962 -5 9 -9
23.294852 1329704211.608982 -6 10 -9
23.343360 1329704211.613734 -6 11 -9
23.343360 1329704211.622106 -7 11 -10
23.375304 1329704211.630076 -7 13 -10
23.375304 1329704211.639117 -7 14 -10
23.421788 1329704211.647189 -7 17 -10
23.421788 1329704211.655718 -7 19 -10
23.456432 1329704211.663735 -7 23 -9
23.456432 1329704211.672345 -6 26 -9
23.497952 1329704211.680154 -5 29 -8
23.497952 1329704211.688597 -3 31 -7
23.549636 1329704211.696900 -2 34 -7
23.549636 1329704211.705598 -2 36 -6
23.577694 1329704211.714470 -2 38 -6
23.577694 1329704211.722086 -2 41 -6
23.619221 1329704211.729794 -2 43 -6
23.619221 1329704211.738977 -1 45 -6
23.652528 1329704211.759463 0 46 -6
23.652528 1329704211.765025 0 46 -5
23.692758 1329704211.772069 1 45 -4
23.692758 1329704211.780303 2 43 -4
23.735808 1329704211.788129 3 41 -3
23.735808 1329704211.796845 4 40 -2
23.778452 1329704211.805143 5 38 -2
23.778452 1329704211.813442 6 37 -1
23.818730 1329704211.821972 8 36 -1
23.818730 1329704211.830193 10 36 -1
23.852427 1329704211.838363 12 35 -1
23.852427 1329704211.846698 15 35 -1
23.905902 1329704211.855127 17 34 -1
23.905902 1329704211.874848 21 32 -2
23.936202 1329704211.880110 24 30 -3
23.936202 1329704211.888285 27 27 -4
23.980799 1329704211.896298 30 22 -6
23.980799 1329704211.905281 33 16 -9
24.011158 1329704211.913043 36 10 -12
24.011158 1329704211.928648 39 4 -16
24.052666 1329704211.942280 43 -1 -19
24.052666 1329704211.946138 46 -7 -23
24.094432 1329704211.954216 50 -13 -28
24.094432 1329704211.962983 55 -18 -33
24.135231 1329704211.970694 60 -23 -38
24.135231 1329704211.981337 65 -27 -44
24.180148 1329704211.987992 70 -31 -49
24.180148 1329704211.995836 74 -33 -54
24.211765 1329704212.004276 78 -35 -57
24.211765 1329704212.012905 80 -36 -59
24.252245 1329704212.020879 82 -37 -61
24.252245 1329704212.030164 82 -38 -61
24.293685 1329704212.038261 82 -38 -60
24.293685 1329704212.045970 81 -39 -59
24.343732 1329704212.054355 79 -38 -57
24.343732 1329704212.062903 76 -38 -55
24.384334 1329704212.071234 73 -37 -53
24.384334 1329704212.082077 69 -36 -50
24.411007 1329704212.087847 64 -35 -47
24.411007 1329704212.095877 59 -34 -44
24.452350 1329704212.104236 54 -32 -40
24.452350 1329704212.112746 48 -30 -37
24.494905 1329704212.120799 43 -28 -34
24.494905 1329704212.129378 37 -26 -31
24.535629 1329704212.138258 32 -23 -28
24.535629 1329704212.145951 27 -21 -26
24.577805 1329704212.154144 22 -19 -24
24.577805 1329704212.162704 17 -17 -22
24.611452 1329704212.170761 14 -14 -21
24.611452 1329704212.181452 11 -11 -19
24.652587 1329704212.193647 8 -8 -18
24.652587 1329704212.197870 6 -6 -16
24.703270 1329704212.210621 5 -3 -15
24.703270 1329704212.224598 4 -1 -14
24.736114 1329704212.231004 4 0 -13
24.736114 1329704212.237144 4 1 -12
24.772240 1329704212.257377 3 2 -11
24.772240 1329704212.270965 3 2 -10
24.819434 1329704212.279233 3 3 -9
24.819434 1329704212.287479 3 4 -8
24.852339 1329704212.295621 3 4 -7
24.852339 1329704212.307416 3 4 -7
24.893755 1329704212.312357 3 4 -7
24.893755 1329704212.324501 3 4 -6
24.936023 1329704212.328887 3 4 -6
24.936023 1329704212.337337 3 4 -6
24.976843 1329704212.345712 3 3 -6
24.976843 1329704212.353899 3 3 -5
25.027502 1329704212.362255 3 3 -5
25.027502 1329704212.370453 3 3 -5
25.051692 1329704212.379180 3 3 -4
25.051692 1329704212.387563 3 3 -4
25.093887 1329704212.395635 3 3 -4
25.093887 1329704212.404016 3 3 -4
25.156555 1329704212.412570 3 3 -4
25.156555 1329704212.420414 3 3 -4
25.176898 1329704212.429041 3 3 -3
25.176898 1329704212.437274 3 3 -3
25.219266 1329704212.445843 3 3 -3
25.219266 1329704212.453980 3 3 -3
25.252198 1329704212.462428 3 4 -3
25.252198 1329704212.470559 3 4 -3
25.293112 1329704212.479242 3 4 -3
25.293112 1329704212.487226 3 5 -3
25.334974 1329704212.495663 2 6 -3
25.334974 1329704212.503993 2 8 -3
25.376381 1329704212.512261 1 10 -2
25.376381 1329704212.520380 1 12 -2
25.418502 1329704212.528890 1 14 -2
25.418502 1329704212.537233 1 16 -1
25.451713 1329704212.545184 0 18 -1
25.451713 1329704212.553829 0 20 -1
25.492783 1329704212.562176 0 21 -1
25.492783 1329704212.570044 0 22 -1
25.534605 1329704212.584887 -1 22 -1
25.534605 1329704212.589365 -1 22 -2
25.576039 1329704212.603588 -1 23 -2
25.576039 1329704212.614545 -2 23 -2
25.627669 1329704212.637260 -2 24 -2
25.627669 1329704212.648352 -2 25 -2
25.651006 1329704212.653361 -1 26 -2
25.651006 1329704212.661567 -1 27 -2
25.692123 1329704212.670043 -1 29 -2
25.692123 1329704212.678122 -1 31 -2
25.745051 1329704212.686532 0 33 -2
25.745051 1329704212.694457 0 36 -1
25.775718 1329704212.703009 0 40 -1
25.775718 1329704212.711563 1 43 0
25.816636 1329704212.723897 1 48 0
25.816636 1329704212.727950 0 51 0
25.855667 1329704212.736417 0 54 0
25.855667 1329704212.744662 0 57 0
25.891563 1329704212.753270 0 58 0
25.891563 1329704212.768394 1 58 0
25.933110 1329704212.769802 3 57 2
25.933110 1329704212.777871 5 55 3
25.975178 1329704212.786593 6 52 4
25.975178 1329704212.794431 8 50 5
26.016669 1329704212.802887 9 47 5
26.016669 1329704212.811499 12 45 6
26.064869 1329704212.819862 14 43 6
26.064869 1329704212.827750 17 42 7
26.092296 1329704212.836424 20 40 7
26.092296 1329704212.844515 23 38 7
26.133621 1329704212.853100 27 35 7
26.133621 1329704212.861595 30 31 6
26.175544 1329704212.881354 33 26 5
26.175544 1329704212.886853 36 21 3
26.211463 1329704212.894479 38 14 0
26.211463 1329704212.902728 41 8 -2
26.263298 1329704212.911530 44 2 -6
26.263298 1329704212.919846 47 -3 -10
26.292232 1329704212.933292 50 -9 -14
26.292232 1329704212.936291 54 -14 -19
26.334124 1329704212.944579 58 -19 -23
26.334124 1329704212.953199 62 -23 -27
26.371614 1329704212.961689 65 -25 -31
26.371614 1329704212.970543 68 -27 -33
26.424543 1329704212.978675 69 -29 -34
26.424543 1329704212.987106 69 -29 -34
26.458704 1329704212.995178 69 -30 -33
26.458704 1329704213.003857 67 -30 -32
26.491537 1329704213.012065 65 -29 -30
26.491537 1329704213.020670 63 -29 -28
26.533796 1329704213.028816 60 -28 -27
26.533796 1329704213.037031 57 -27 -25
26.574970 1329704213.045093 53 -25 -23
26.574970 1329704213.053493 49 -23 -22
26.616731 1329704213.061889 45 -22 -20
26.616731 1329704213.070488 41 -20 -19
26.658890 1329704213.078418 37 -18 -18
26.658890 1329704213.086870 32 -16 -17
26.702210 1329704213.094937 26 -14 -15
26.702210 1329704213.103686 21 -12 -14
26.734951 1329704213.124075 17 -10 -12
26.734951 1329704213.128822 13 -8 -11
26.795437 1329704213.137182 9 -7 -10
26.795437 1329704213.145331 6 -5 -9
26.811262 1329704213.153703 3 -4 -8
26.811262 1329704213.161868 1 -4 -7
26.853026 1329704213.176912 0 -3 -5
26.853026 1329704213.181910 0 -2 -4
26.902679 1329704213.194859 -1 -1 -3
26.902679 1329704213.209270 -1 0 -2
26.932208 1329704213.232816 -1 0 -2
26.932208 1329704213.247399 -1 0 -1
26.974924 1329704213.253720 -1 1 0
26.974924 1329704213.265668 0 2 0
27.016811 1329704213.270443 0 2 0
27.016811 1329704213.278636 0 3 0
27.061738 1329704213.287218 0 3 0
27.061738 1329704213.295332 0 3 0
27.099347 1329704213.303604 0 4 1
27.099347 1329704213.311952 0 4 1
27.132907 1329704213.321345 0 4 1
27.132907 1329704213.328312 0 4 1
27.177058 1329704213.337615 0 4 1
27.177058 1329704213.344942 0 4 1
27.218172 1329704213.354150 0 4 1
27.218172 1329704213.365800 0 4 1
27.259174 1329704213.371949 1 4 1
27.259174 1329704213.378401 1 4 1
27.300845 1329704213.387437 1 4 0
27.300845 1329704213.395243 1 4 0
27.333182 1329704213.403980 1 4 0
27.333182 1329704213.417817 1 4 0
27.374273 1329704213.420526 1 4 0
27.374273 1329704213.428464 1 3 0
27.416204 1329704213.436852 1 3 0
27.416204 1329704213.444996 1 3 0
27.465068 1329704213.453572 1 4 0
27.465068 1329704213.461972 1 4 0
27.511699 1329704213.473574 1 4 0
27.511699 1329704213.478659 1 4 0
27.532435 1329704213.486784 1 4 0
27.532435 1329704213.495081 0 5 0
27.574119 1329704213.503760 0 5 0
27.574119 1329704213.513762 0 5 0
27.616807 1329704213.520776 0 5 0
27.616807 1329704213.528270 0 6 0
27.668171 1329704213.537511 0 6 0
27.668171 1329704213.544979 1 6 0
27.699503 1329704213.553781 1 6 0
27.699503 1329704213.561743 1 6 0
27.732648 1329704213.570286 1 6 0
27.732648 1329704213.578535 1 6 0
27.772150 1329704213.587201 1 7 0
27.772150 1329704213.594732 1 7 0
27.815945 1329704213.603920 0 7 0
27.815945 1329704213.611614 0 8 0
27.857762 1329704213.628962 0 8 0
27.857762 1329704213.637103 0 9 0
27.891179 1329704213.645217 0 10 -1
27.891179 1329704213.653764 -1 11 -1
27.931093 1329704213.661846 -2 12 -1
27.931093 1329704213.670474 -4 13 -1
27.974048 1329704213.690769 -5 15 -2
27.974048 1329704213.695394 -6 16 -3
28.015932 1329704213.703969 -7 19 -3
28.015932 1329704213.711625 -8 21 -4
28.056962 1329704213.720301 -8 24 -5
28.056962 1329704213.728496 -8 27 -5
28.098458 1329704213.743974 -8 30 -5
28.098458 1329704213.749422 -7 33 -5
28.135299 1329704213.753543 -6 36 -4
28.135299 1329704213.761635 -4 38 -3
28.173351 1329704213.770182 -3 41 -2
28.173351 1329704213.778325 -2 44 -1
28.228935 1329704213.787601 -1 47 0
28.228935 1329704213.803977 0 50 0
28.255977 1329704213.818113 1 54 0
28.255977 1329704213.821069 2 57 0
28.298510 1329704213.828467 3 61 0
28.298510 1329704213.837222 2 65 -1
28.339326 1329704213.845473 1 67 -2
28.339326 1329704213.854082 2 67 -2
28.372572 1329704213.861884 4 64 -1
28.372572 1329704213.869656 6 61 0
28.414190 1329704213.878168 9 58 1
28.414190 1329704213.886400 12 54 2
28.456694 1329704213.894907 16 51 3
28.456694 1329704213.904176 19 48 4
28.499436 1329704213.911632 23 45 5
28.499436 1329704213.919692 28 42 6
28.531901 1329704213.927955 32 38 6
28.531901 1329704213.936440 36 34 6
28.572904 1329704213.944941 40 29 5
28.572904 1329704213.956403 43 24 3
28.614790 1329704213.961580 45 18 0
28.614790 1329704213.969228 47 12 -2
28.666985 1329704213.978124 50 5 -6
28.666985 1329704213.986349 52 0 -10
28.698471 1329704214.005926 55 -6 -14
28.698471 1329704214.029398 58 -11 -19
28.745722 1329704214.043741 62 -16 -23
28.745722 1329704214.045777 66 -21 -28
28.772403 1329704214.052471 70 -24 -32
28.772403 1329704214.060769 74 -27 -36
28.814293 1329704214.069314 77 -29 -39
28.814293 1329704214.090216 78 -31 -41
28.855751 1329704214.094260 79 -32 -41
28.855751 1329704214.102079 78 -33 -41
28.898654 1329704214.110862 76 -33 -39
28.898654 1329704214.119107 74 -32 -37
28.930671 1329704214.127670 70 -32 -35
28.930671 1329704214.135941 66 -30 -32
28.972748 1329704214.144344 61 -28 -29
28.972748 1329704214.151910 56 -26 -26
29.014173 1329704214.160624 50 -24 -23
29.014173 1329704214.168894 45 -21 -21
29.056151 1329704214.179222 39 -18 -19
29.056151 1329704214.185951 34 -15 -17
29.098181 1329704214.194224 28 -13 -16
29.098181 1329704214.201891 23 -10 -15
29.131288 1329704214.210403 19 -9 -14
29.131288 1329704214.218977 15 -7 -13
29.176310 1329704214.227459 11 -6 -12
29.176310 1329704214.235805 8 -5 -11
29.214384 1329704214.244107 6 -4 -10
29.214384 1329704214.252119 4 -3 -10
29.261912 1329704214.260255 2 -2 -9
29.261912 1329704214.268810 1 -2 -8
29.290791 1329704214.277275 0 -1 -7
29.290791 1329704214.285708 0 -1 -6
29.331375 1329704214.294074 0 -1 -5
29.331375 1329704214.301887 0 -1 -5
29.372871 1329704214.310411 0 -1 -4
29.372871 1329704214.318745 -1 -1 -4
29.429196 1329704214.327356 -1 -1 -3
29.429196 1329704214.335642 -1 0 -3
29.455965 1329704214.343996 -1 0 -3
29.455965 1329704214.351952 -1 0 -2
29.497592 1329704214.360323 -1 0 -2
29.497592 1329704214.368766 -1 1 -2
29.542456 1329704214.377299 -1 1 -2
29.542456 1329704214.385726 -1 1 -1
29.572963 1329704214.394005 -1 2 -1
29.572963 1329704214.401816 -1 2 -1
29.614354 1329704214.410205 -1 2 -1
29.614354 1329704214.418626 -1 2 -1
29.656793 1329704214.427345 -1 2 -1
29.656793 1329704214.435622 -1 3 -1
29.699212 1329704214.443979 -1 3 -1
29.699212 1329704214.451767 -1 3 -1
29.731129 1329704214.460250 -1 3 -1
29.731129 1329704214.468708 -1 3 0
29.776378 1329704214.477373 -1 3 0
29.776378 1329704214.485669 -1 3 0
29.814349 1329704214.493987 -1 3 0
29.814349 1329704214.501838 -1 3 0
29.855674 1329704214.510259 -1 3 0
29.855674 1329704214.518454 -1 4 0
29.906445 1329704214.527180 -1 4 0
29.906445 1329704214.535523 -1 4 0
29.932949 1329704214.543596 -1 4 0
29.932949 1329704214.552333 -1 4 0
29.972147 1329704214.560364 -1 4 0
29.972147 1329704214.568139 -1 4 0
30.024711 1329704214.577247 -1 4 0
30.024711 1329704214.595686 -1 4 0
30.055266 1329704214.601892 -1 4 0
30.055266 1329704214.609953 -1 4 0
30.096914 1329704214.618481 -1 4 0
30.096914 1329704214.626925 -1 4 0
30.138858 1329704214.635369 -1 4 0
30.138858 1329704214.645517 -1 4 0
30.172081 1329704214.651950 -1 4 0
30.172081 1329704214.660061 -1 4 0
30.213401 1329704214.668454 -1 4 0
30.213401 1329704214.676611 -1 5 0
30.255244 1329704214.685231 -1 5 0
30.255244 1329704214.693591 -1 5 0
30.308038 1329704214.701906 -1 6 0
30.308038 1329704214.709911 -1 6 0
30.338183 1329704214.718531 -1 6 0
30.338183 1329704214.726874 -1 7 0
30.371909 1329704214.735251 -1 7 0
30.371909 1329704214.743618 -1 8 0
30.413518 1329704214.752138 -1 8 0
30.413518 1329704214.759979 -1 9 0
30.455195 1329704214.768527 -1 10 -1
30.455195 1329704214.776489 -2 11 -1
30.496484 1329704214.785364 -2 12 -1
30.496484 1329704214.793437 -3 14 -1
30.538206 1329704214.801786 -3 15 -1
30.538206 1329704214.810413 -4 17 -2
30.580911 1329704214.818435 -4 18 -2
30.580911 1329704214.826620 -5 20 -2
30.613250 1329704214.835233 -5 21 -3
30.613250 1329704214.843630 -6 23 -3
30.654820 1329704214.851970 -6 24 -3
30.654820 1329704214.859857 -5 26 -3
30.703260 1329704214.868389 -5 27 -3
30.703260 1329704214.876584 -5 29 -3
30.730476 1329704214.885325 -5 31 -3
30.730476 1329704214.895421 -4 33 -3
30.771265 1329704214.901585 -4 35 -3
30.771265 1329704214.909808 -4 38 -3
30.813648 1329704214.918527 -4 40 -2
30.813648 1329704214.926313 -3 43 -2
30.853746 1329704214.935285 -2 45 -1
30.853746 1329704214.943891 -1 48 0
30.895020 1329704214.951815 0 50 0
30.895020 1329704214.959780 0 52 1
30.936759 1329704214.968229 1 54 1
30.936759 1329704214.976152 0 56 0
30.978253 1329704214.985257 0 58 0
30.978253 1329704214.993435 0 59 -1
31.011695 1329704215.001689 -1 60 -2
31.011695 1329704215.009654 -1 60 -2
31.053386 1329704215.018218 0 59 -2
31.053386 1329704215.025946 0 57 -2
31.095375 1329704215.035008 1 55 -1
31.095375 1329704215.052540 3 53 0
31.140435 1329704215.059855 4 50 0
31.140435 1329704215.069371 6 48 0
31.171535 1329704215.076339 8 45 1
31.171535 1329704215.084690 11 42 1
31.213561 1329704215.093429 13 40 1
31.213561 1329704215.109456 17 37 1
31.253569 1329704215.111890 20 34 1
31.253569 1329704215.126111 23 30 1
31.295618 1329704215.134751 27 27 1
31.295618 1329704215.142783 31 23 0
31.343992 1329704215.152065 35 18 0
31.343992 1329704215.161939 39 14 -1
31.370785 1329704215.168012 43 10 -3
31.370785 1329704215.175958 46 5 -5
31.412285 1329704215.184737 50 1 -7
31.412285 1329704215.192791 54 -2 -10
31.453882 1329704215.201395 58 -6 -12
31.453882 1329704215.220837 62 -9 -15
31.495555 1329704215.234321 66 -13 -18
31.495555 1329704215.236538 70 -16 -21
31.536571 1329704215.242578 74 -18 -25
31.536571 1329704215.250981 77 -21 -29
31.578276 1329704215.259432 81 -23 -34
31.578276 1329704215.267745 84 -24 -38
31.611964 1329704215.280131 86 -25 -43
31.611964 1329704215.283781 88 -26 -46
31.653678 1329704215.292594 89 -27 -49
31.653678 1329704215.300716 90 -27 -51
31.694988 1329704215.309088 90 -28 -52
31.694988 1329704215.317700 89 -28 -52
31.736512 1329704215.326493 87 -28 -51
31.736512 1329704215.334463 85 -28 -49
31.778324 1329704215.342347 82 -28 -47
31.778324 1329704215.350431 79 -27 -45
31.811501 1329704215.359197 76 -27 -42
31.811501 1329704215.371043 72 -26 -40
31.853441 1329704215.402621 68 -24 -37
31.853441 1329704215.413519 64 -23 -35
31.895061 1329704215.427632 60 -22 -32
31.895061 1329704215.441363 55 -21 -30
31.937184 1329704215.443854 50 -20 -28
31.937184 1329704215.450988 45 -19 -27
31.977728 1329704215.459060 41 -18 -25
31.977728 1329704215.467218 35 -17 -23
32.011997 1329704215.475766 30 -15 -22
32.011997 1329704215.483897 25 -14 -20
32.053755 1329704215.493104 20 -12 -18
32.053755 1329704215.501751 16 -10 -16
32.095694 1329704215.511497 12 -8 -14
32.095694 1329704215.517781 9 -6 -13
32.132653 1329704215.529146 6 -5 -12
32.132653 1329704215.534684 4 -3 -11
32.188436 1329704215.543160 3 -1 -11
32.188436 1329704215.551817 2 0 -10
32.211919 1329704215.559877 1 1 -9
32.211919 1329704215.568584 0 2 -9
32.253658 1329704215.579377 0 3 -8
32.253658 1329704215.584583 0 4 -8
32.295342 1329704215.593821 0 5 -7
32.295342 1329704215.601667 0 6 -7
32.335156 1329704215.609857 0 6 -6
32.335156 1329704215.617804 0 7 -6
32.386382 1329704215.626516 0 7 -5
32.386382 1329704215.634411 0 8 -5
32.411792 1329704215.643231 0 8 -5
32.411792 1329704215.651503 0 8 -4
32.453384 1329704215.659962 0 8 -4
32.453384 1329704215.667429 0 8 -4
32.494805 1329704215.676266 0 8 -3
32.494805 1329704215.686393 0 8 -3
32.536180 1329704215.693599 0 8 -3
32.536180 1329704215.702157 0 8 -3
32.577891 1329704215.709878 0 8 -3
32.577891 1329704215.717578 0 8 -3
32.619318 1329704215.726150 0 8 -2
32.619318 1329704215.741259 0 7 -2
32.652275 1329704215.765200 0 7 -2
32.652275 1329704215.778968 0 7 -2
32.694399 1329704215.784889 0 7 -2
32.694399 1329704215.792453 1 7 -2
32.735919 1329704215.801424 1 7 -2
32.735919 1329704215.809408 1 7 -1
32.777438 1329704215.825130 1 7 -1
32.777438 1329704215.827775 1 7 -1
32.812747 1329704215.834527 1 7 -1
32.812747 1329704215.842990 1 6 -1
32.853520 1329704215.850814 1 6 -1
32.853520 1329704215.859161 1 6 -1
32.894146 1329704215.867422 1 5 -1
32.894146 1329704215.877788 1 5 -1
32.933215 1329704215.884359 1 5 -1
32.933215 1329704215.892280 1 4 -1
32.972112 1329704215.900897 1 4 -1
32.972112 1329704215.909351 1 3 -1
33.019696 1329704215.926791 1 3 -1
33.019696 1329704215.934612 1 2 0
33.052062 1329704215.942722 1 2 0
33.052062 1329704215.951002 1 1 0
33.094786 1329704215.959346 1 0 0
33.094786 1329704215.967698 1 0 0
33.135529 1329704215.976200 1 0 0
33.135529 1329704215.985305 1 -1 0
33.178011 1329704215.992872 1 -2 0
33.178011 1329704216.001087 1 -3 0
33.218877 1329704216.009561 1 -3 0
33.218877 1329704216.017382 1 -3 0
33.253144 1329704216.026203 1 -3 0
33.253144 1329704216.035002 0 -3 0
33.292936 1329704216.042769 0 -3 0
33.292936 1329704216.050794 0 -2 0
33.335116 1329704216.059222 0 -1 0
33.335116 1329704216.067652 0 0 -1
33.378201 1329704216.075963 -1 2 -1
33.378201 1329704216.092175 -1 5 -1
33.417796 1329704216.094963 -2 7 -1
33.417796 1329704216.100971 -2 10 -1
33.452114 1329704216.110264 -3 13 -1
33.452114 1329704216.117784 -3 15 -2
33.493469 1329704216.126131 -4 18 -2
33.493469 1329704216.134894 -4 21 -2
33.535358 1329704216.142964 -4 24 -3
33.535358 1329704216.150729 -5 27 -3
33.579911 1329704216.159069 -5 30 -3
33.579911 1329704216.167447 -5 33 -3
33.621143 1329704216.176198 -4 35 -3
33.621143 1329704216.196697 -4 38 -2
33.651586 1329704216.219859 -4 40 -2
33.651586 1329704216.243900 -4 42 -2
33.692974 1329704216.256327 -3 43 -1
33.692974 1329704216.262826 -3 44 0
33.736292 1329704216.285446 -3 46 0
33.736292 1329704216.292971 -3 47 0
33.787666 1329704216.300820 -4 49 -1
33.787666 1329704216.309234 -5 51 -2
33.817359 1329704216.317406 -6 52 -3
33.817359 1329704216.325641 -6 54 -4
33.859459 1329704216.334427 -5 54 -4
33.859459 1329704216.342840 -3 55 -3
33.892559 1329704216.350879 -2 54 -2
33.892559 1329704216.366144 0 53 -1
33.934146 1329704216.381087 1 52 0
33.934146 1329704216.404621 3 52 0
33.975298 1329704216.419684 5 51 1
33.975298 1329704216.426255 7 51 2
34.017527 1329704216.434106 10 51 2
34.017527 1329704216.450780 13 51 3
34.059534 1329704216.465457 16 50 4
34.059534 1329704216.468433 19 48 4
34.105125 1329704216.476022 23 46 5
34.105125 1329704216.483982 26 42 5
34.152525 1329704216.492736 30 37 4
34.152525 1329704216.512294 33 31 3
34.176693 1329704216.517333 37 25 1
34.176693 1329704216.525571 40 19 0
34.211548 1329704216.534001 43 13 -3
34.211548 1329704216.542564 47 6 -6
34.251299 1329704216.550725 50 0 -10
34.251299 1329704216.558425 55 -5 -14
34.292752 1329704216.566993 59 -10 -19
34.292752 1329704216.576277 63 -14 -24
34.334189 1329704216.583746 67 -18 -29
34.334189 1329704216.592524 71 -21 -33
34.375456 1329704216.600618 74 -24 -36
34.375456 1329704216.608514 75 -26 -38
34.417418 1329704216.617008 76 -27 -39
34.417418 1329704216.626469 77 -28 -40
34.450738 1329704216.633355 76 -29 -40
34.450738 1329704216.641555 75 -30 -39
34.492396 1329704216.650081 73 -30 -38
34.492396 1329704216.659308 71 -30 -37
34.534126 1329704216.666774 68 -30 -35
34.534126 1329704216.675192 64 -29 -34
34.575537 1329704216.683179 60 -29 -32
34.575537 1329704216.692407 56 -27 -30
34.617519 1329704216.699848 51 -26 -28
34.617519 1329704216.708544 46 -25 -26
34.650811 1329704216.716569 40 -23 -24
34.650811 1329704216.725117 35 -22 -23
34.692328 1329704216.733128 29 -20 -21
34.692328 1329704216.741337 24 -18 -20
34.733995 1329704216.750080 19 -17 -19
34.733995 1329704216.758529 15 -15 -17
34.770828 1329704216.766696 11 -13 -16
34.770828 1329704216.775267 8 -11 -15
34.817545 1329704216.783244 5 -10 -13
34.817545 1329704216.791297 3 -8 -12
34.851140 1329704216.800656 1 -6 -11
34.851140 1329704216.808316 0 -5 -10
34.892405 1329704216.816692 0 -3 -9
34.892405 1329704216.825902 0 -2 -8
34.934467 1329704216.833149 0 -1 -7
34.934467 1329704216.842123 0 0 -6
34.975828 1329704216.860142 0 0 -5
34.975828 1329704216.866780 0 0 -4
35.019672 1329704216.875144 0 1 -4
35.019672 1329704216.883428 0 2 -3
35.058648 1329704216.891301 0 2 -2
35.058648 1329704216.899875 0 3 -2
35.092376 1329704216.908062 0 3 -1
35.092376 1329704216.917345 -1 3 -1
35.134321 1329704216.924896 -1 3 -1
35.134321 1329704216.933296 -1 3 0
35.175517 1329704216.941898 -1 3 0
35.175517 1329704216.949442 -1 3 0
35.216997 1329704216.968104 -1 3 0
35.216997 1329704216.974787 -1 3 0
35.252012 1329704216.982911 -1 3 0
35.252012 1329704216.991422 -1 3 0
35.292054 1329704216.999426 -1 3 0
35.292054 1329704217.007735 -1 3 0
35.336975 1329704217.019474 -1 3 1
35.336975 1329704217.024768 -1 3 1
35.375404 1329704217.032709 -1 4 1
35.375404 1329704217.041607 -1 4 1
35.416654 1329704217.049439 0 4 1
35.416654 1329704217.057853 0 4 1
35.458245 1329704217.066231 0 4 1
35.458245 1329704217.074752 0 5 1
35.500999 1329704217.082818 0 5 1
35.500999 1329704217.091396 0 5 1
35.543553 1329704217.099771 0 5 1
35.543553 1329704217.108514 -1 5 1
35.580237 1329704217.116613 -1 5 1
35.580237 1329704217.124563 -1 5 1
35.616466 1329704217.132701 -1 4 1
35.616466 1329704217.141075 -1 4 1
35.658734 1329704217.151251 -1 4 1
35.658734 1329704217.158946 -1 4 1
35.709756 1329704217.170779 -1 4 1
35.709756 1329704217.174481 -1 4 1
35.733251 1329704217.183243 -1 4 1
35.733251 1329704217.191422 -1 4 1
35.774704 1329704217.199636 -1 4 0
35.774704 1329704217.207996 -1 4 0
35.816465 1329704217.216542 -1 4 0
35.816465 1329704217.224390 -2 4 0
35.864714 1329704217.232768 -2 4 0
35.864714 1329704217.241226 -2 4 0
35.891264 1329704217.249431 -2 3 0
35.891264 1329704217.258393 -2 3 0
35.932709 1329704217.266167 -2 3 0
35.932709 1329704217.283829 -1 3 0
35.974289 1329704217.291151 -1 3 0
35.974289 1329704217.299159 -1 3 0
36.016372 1329704217.307634 -2 3 0
36.016372 1329704217.316195 -2 3 0
36.058705 1329704217.324298 -2 3 0
36.058705 1329704217.343593 -2 4 0
36.091432 1329704217.357595 -2 4 0
36.091432 1329704217.359974 -3 5 0
36.133606 1329704217.365991 -3 6 0
36.133606 1329704217.374392 -4 7 0
36.174001 1329704217.382529 -4 8 -1
36.174001 1329704217.390982 -5 9 -1
36.215628 1329704217.403813 -5 10 -1
36.215628 1329704217.407213 -6 11 -1
36.257602 1329704217.416149 -7 12 -2
36.257602 1329704217.424192 -8 14 -2
36.290842 1329704217.432408 -8 15 -2
36.290842 1329704217.440874 -9 16 -3
36.332367 1329704217.449201 -10 18 -3
36.332367 1329704217.457239 -11 20 -3
36.374224 1329704217.465650 -12 22 -4
36.374224 1329704217.474212 -12 25 -4
36.414964 1329704217.482331 -12 27 -4
36.414964 1329704217.490512 -12 30 -4
36.457143 1329704217.499030 -11 32 -4
36.457143 1329704217.508015 -11 34 -4
36.499047 1329704217.515702 -11 37 -4
36.499047 1329704217.526716 -10 40 -4
36.531775 1329704217.538842 -11 42 -5
36.531775 1329704217.540883 -11 45 -5
36.573105 1329704217.552331 -11 47 -6
36.573105 1329704217.556981 -11 49 -6
36.626643 1329704217.565248 -10 51 -6
36.626643 1329704217.573675 -9 53 -6
36.656531 1329704217.582114 -7 54 -5
36.656531 1329704217.590320 -6 55 -5
36.698998 1329704217.598859 -4 54 -4
36.698998 1329704217.607993 -2 53 -3
36.731607 1329704217.615446 0 51 -1
36.731607 1329704217.623926 3 48 0
36.773553 1329704217.632269 7 45 0
36.773553 1329704217.640456 11 42 1
36.817764 1329704217.648738 15 39 1
36.817764 1329704217.657106 20 35 2
36.856886 1329704217.665446 25 31 2
36.856886 1329704217.674179 30 27 1
36.898302 1329704217.682504 35 23 1
36.898302 1329704217.690718 40 18 0
36.938287 1329704217.699510 44 13 -2
36.938287 1329704217.719536 49 8 -4
36.989198 1329704217.724242 53 4 -7
36.989198 1329704217.732724 57 0 -11
37.015612 1329704217.741283 61 -4 -15
37.015612 1329704217.749300 64 -7 -18
37.057053 1329704217.757659 67 -10 -22
37.057053 1329704217.768310 70 -12 -25
37.098613 1329704217.774259 72 -14 -28
37.098613 1329704217.782729 73 -16 -31
37.147185 1329704217.790909 74 -17 -33
37.147185 1329704217.800095 74 -18 -35
37.173350 1329704217.809372 73 -18 -36
37.173350 1329704217.832819 72 -19 -37
37.214811 1329704217.840847 71 -19 -37
37.214811 1329704217.849091 69 -18 -36
37.259353 1329704217.857828 67 -18 -36
37.259353 1329704217.866031 64 -18 -35
37.298445 1329704217.874778 61 -17 -35
37.298445 1329704217.882677 58 -17 -34
37.331723 1329704217.896837 55 -16 -33
37.331723 1329704217.901806 51 -15 -32
37.371659 1329704217.916837 47 -15 -31
37.371659 1329704217.929268 43 -14 -31
37.423334 1329704217.934470 38 -14 -30
37.423334 1329704217.940748 34 -13 -29
37.456379 1329704217.949690 29 -13 -27
37.456379 1329704217.962773 25 -12 -26
37.498805 1329704217.967737 20 -11 -25
37.498805 1329704217.974469 15 -10 -23
37.531496 1329704217.982769 11 -8 -22
37.531496 1329704217.990983 7 -7 -21
37.573526 1329704217.999312 4 -6 -20
37.573526 1329704218.008180 1 -5 -18
37.614757 1329704218.017557 0 -3 -17
37.614757 1329704218.024394 -1 -2 -16
37.656657 1329704218.032587 -3 -1 -15
37.656657 1329704218.041071 -3 0 -14
37.697937 1329704218.049361 -4 0 -13
37.697937 1329704218.059651 -4 1 -12
37.731554 1329704218.074879 -4 2 -12
37.731554 1329704218.107396 -4 3 -11
37.773791 1329704218.131023 -4 3 -11
37.773791 1329704218.144830 -4 4 -10
37.814598 1329704218.149094 -4 4 -10
37.814598 1329704218.157853 -4 5 -9
37.864185 1329704218.165977 -4 5 -9
37.864185 1329704218.174723 -4 6 -9
37.891275 1329704218.182157 -4 6 -8
37.891275 1329704218.190996 -4 6 -8
37.937049 1329704218.198946 -4 6 -8
37.937049 1329704218.207316 -4 6 -7
37.972628 1329704218.216831 -4 6 -7
37.972628 1329704218.223969 -4 6 -7
38.014452 1329704218.232301 -4 6 -7
38.014452 1329704218.240924 -4 6 -7
38.056054 1329704218.249076 -4 6 -7
38.056054 1329704218.257148 -4 6 -7
38.097206 1329704218.271919 -4 7 -7
38.097206 1329704218.276778 -4 7 -7
38.130745 1329704218.291797 -4 7 -6
38.130745 1329704218.324774 -4 7 -6
38.172392 1329704218.336893 -4 7 -6
38.172392 1329704218.342804 -4 8 -6
38.228181 1329704218.348939 -4 8 -6
38.228181 1329704218.357520 -4 8 -6
38.255852 1329704218.374317 -4 9 -6
38.255852 1329704218.388653 -4 10 -6
38.297324 1329704218.391301 -4 10 -6
38.297324 1329704218.399002 -4 11 -6
38.330635 1329704218.407105 -5 12 -6
38.330635 1329704218.415844 -5 13 -7
38.374051 1329704218.423977 -6 14 -7
38.374051 1329704218.438443 -7 15 -7
38.427246 1329704218.440917 -8 16 -7
38.427246 1329704218.448764 -9 18 -8
38.456670 1329704218.456951 -10 19 -8
38.456670 1329704218.465638 -11 21 -9
38.497281 1329704218.477566 -12 23 -10
38.497281 1329704218.481861 -12 25 -10
38.541622 1329704218.492982 -13 27 -11
38.541622 1329704218.509841 -13 30 -11
38.572085 1329704218.531353 -13 32 -11
38.572085 1329704218.533957 -13 34 -11
38.613247 1329704218.540379 -12 37 -10
38.613247 1329704218.548551 -11 40 -9
38.655176 1329704218.556953 -10 43 -8
38.655176 1329704218.565431 -8 46 -8
38.697186 1329704218.575254 -7 49 -8
38.697186 1329704218.581959 -6 51 -8
38.737919 1329704218.590285 -6 53 -9
38.737919 1329704218.598755 -7 55 -9
38.771074 1329704218.606541 -7 56 -10
38.771074 1329704218.615325 -6 57 -11
38.812754 1329704218.623683 -5 57 -10
38.812754 1329704218.631641 -3 56 -10
38.854408 1329704218.640244 0 55 -8
38.854408 1329704218.648617 2 53 -7
38.898465 1329704218.656608 6 51 -5
38.898465 1329704218.671691 10 48 -4
38.934027 1329704218.674306 15 44 -2
38.934027 1329704218.682020 19 40 -2
38.976592 1329704218.690092 23 36 -1
38.976592 1329704218.698534 27 32 -1
39.013212 1329704218.706375 32 27 -2
39.013212 1329704218.714828 36 22 -2
39.055006 1329704218.723160 39 18 -4
39.055006 1329704218.731586 42 13 -5
39.110925 1329704218.739585 45 8 -7
39.110925 1329704218.748026 48 3 -9
39.137328 1329704218.756104 52 -1 -11
39.137328 1329704218.764609 55 -6 -14
39.171182 1329704218.782373 58 -11 -18
39.171182 1329704218.789792 61 -15 -21
39.213213 1329704218.798026 64 -18 -25
39.213213 1329704218.806409 67 -21 -28
39.254405 1329704218.814413 70 -23 -31
39.254405 1329704218.822860 71 -25 -33
39.293691 1329704218.830783 73 -26 -34
39.293691 1329704218.839479 73 -27 -35
39.330382 1329704218.847631 72 -27 -35
39.330382 1329704218.856016 71 -27 -35
39.372049 1329704218.864467 69 -27 -34
39.372049 1329704218.872840 66 -26 -33
39.412654 1329704218.881004 63 -25 -31
39.412654 1329704218.889471 59 -24 -29
39.454856 1329704218.897830 55 -22 -27
39.454856 1329704218.905975 51 -20 -26
39.496186 1329704218.916167 46 -18 -24
39.496186 1329704218.922865 42 -16 -23
39.540019 1329704218.941687 37 -14 -21
39.540019 1329704218.947678 32 -12 -20
39.571964 1329704218.956134 27 -10 -19
39.571964 1329704218.964236 22 -8 -18
39.612586 1329704218.972495 17 -5 -17
39.612586 1329704218.985490 13 -3 -16
39.654579 1329704218.989216 9 -1 -14
39.654579 1329704218.997850 6 0 -13
39.696341 1329704219.006001 3 2 -12
39.696341 1329704219.014115 1 4 -11
39.737677 1329704219.022424 0 5 -10
39.737677 1329704219.039421 -1 6 -9
39.771398 1329704219.053392 -1 7 -8
39.771398 1329704219.076379 -1 7 -8
39.813008 1329704219.088098 -1 8 -7
39.813008 1329704219.101563 -1 8 -6
39.854233 1329704219.113956 -1 9 -6
39.854233 1329704219.116287 0 9 -6
39.896199 1329704219.122106 0 9 -6
39.896199 1329704219.130862 0 10 -5
39.944613 1329704219.146017 0 10 -5
39.944613 1329704219.148221 0 10 -5
39.970577 1329704219.155782 0 10 -5
39.970577 1329704219.164335 -1 10 -4
40.011875 1329704219.172279 -1 9 -4
40.011875 1329704219.182740 -2 9 -4
40.053709 1329704219.205747 -2 8 -4
40.053709 1329704219.207958 -2 8 -4
40.100036 1329704219.214144 -2 8 -4
40.100036 1329704219.223251 -3 8 -4
40.137217 1329704219.230555 -3 7 -4
40.137217 1329704219.239069 -3 7 -4
40.179120 1329704219.247446 -3 7 -4
40.179120 1329704219.266016 -3 7 -4
40.219117 1329704219.279985 -4 7 -4
40.219117 1329704219.282377 -4 7 -4
40.254163 1329704219.288875 -4 7 -4
40.254163 1329704219.297076 -4 7 -4
40.295234 1329704219.305735 -5 7 -5
40.295234 1329704219.314004 -5 7 -5
40.337231 1329704219.327354 -5 7 -5
40.337231 1329704219.330724 -5 7 -5
40.386937 1329704219.338939 -5 7 -5
40.386937 1329704219.347473 -5 7 -5
40.412035 1329704219.355565 -5 7 -5
40.412035 1329704219.364099 -5 7 -5
40.454112 1329704219.371948 -5 7 -5
40.454112 1329704219.381880 -5 7 -5
40.495111 1329704219.388980 -5 7 -5
40.495111 1329704219.397253 -5 7 -5
40.537490 1329704219.405547 -5 7 -5
40.537490 1329704219.413761 -5 7 -5
40.578626 1329704219.422125 -4 6 -5
40.578626 1329704219.441601 -4 7 -5
40.612078 1329704219.447010 -4 7 -5
40.612078 1329704219.455340 -4 7 -5
40.653234 1329704219.464094 -4 8 -5
40.653234 1329704219.472204 -4 9 -5
40.695394 1329704219.480112 -3 10 -6
40.695394 1329704219.489053 -3 12 -6
40.737143 1329704219.497360 -3 14 -7
40.737143 1329704219.505624 -3 16 -7
40.778424 1329704219.513831 -3 19 -7
40.778424 1329704219.522283 -3 22 -7
40.819435 1329704219.530286 -4 24 -7
40.819435 1329704219.538836 -4 27 -7
40.853730 1329704219.553207 -4 30 -7
40.853730 1329704219.555688 -5 33 -7
40.894571 1329704219.570146 -5 36 -7
40.894571 1329704219.583871 -6 39 -7
40.936363 1329704219.606871 -6 42 -7
40.936363 1329704219.618553 -6 45 -7
40.977700 1329704219.623596 -6 47 -7
40.977700 1329704219.637771 -6 50 -8
41.018809 1329704219.640370 -6 52 -8
41.018809 1329704219.648105 -6 54 -9
41.051998 1329704219.655424 -7 56 -10
41.051998 1329704219.663885 -7 57 -10
41.094296 1329704219.673559 -7 58 -10
41.094296 1329704219.680341 -6 57 -10
41.135320 1329704219.689365 -4 55 -9
41.135320 1329704219.697190 -2 53 -7
41.177843 1329704219.705614 0 51 -6
41.177843 1329704219.713853 2 48 -5
41.211404 1329704219.721849 5 46 -4
41.211404 1329704219.730698 7 43 -3
41.252867 1329704219.750058 10 41 -3
41.252867 1329704219.755217 13 38 -2
41.294074 1329704219.763575 16 35 -2
41.294074 1329704219.772386 19 32 -2
41.336034 1329704219.780217 23 28 -3
41.336034 1329704219.788754 27 23 -3
41.377708 1329704219.797150 30 18 -4
41.377708 1329704219.805392 34 13 -6
41.411554 1329704219.813664 38 8 -8
41.411554 1329704219.822036 42 3 -10
41.452329 1329704219.830421 46 -1 -13
41.452329 1329704219.839000 51 -6 -16
41.495379 1329704219.847111 56 -11 -20
41.495379 1329704219.855157 61 -16 -24
41.539076 1329704219.863848 66 -20 -29
41.539076 1329704219.872172 72 -24 -34
41.577343 1329704219.880319 77 -27 -40
41.577343 1329704219.888616 82 -29 -46
41.618880 1329704219.896886 86 -31 -50
41.618880 1329704219.905159 89 -32 -53
41.652438 1329704219.913452 90 -33 -55
41.652438 1329704219.921719 90 -34 -55
41.693759 1329704219.930101 89 -34 -54
41.693759 1329704219.938848 86 -35 -53
41.735303 1329704219.946796 82 -35 -50
41.735303 1329704219.961653 78 -35 -47
41.777394 1329704219.973226 72 -34 -44
41.777394 1329704219.980104 67 -33 -41
41.810874 1329704219.988217 61 -32 -37
41.810874 1329704219.996963 55 -30 -34
41.852098 1329704220.005275 49 -28 -31
41.852098 1329704220.013174 43 -26 -28
41.893995 1329704220.021582 37 -24 -26
41.893995 1329704220.030296 31 -23 -24
41.936081 1329704220.038698 26 -21 -22
41.936081 1329704220.046865 21 -19 -20
41.977762 1329704220.055363 17 -17 -19
41.977762 1329704220.063328 13 -16 -17
42.019289 1329704220.071830 9 -14 -16
42.019289 1329704220.080116 6 -13 -15
42.052467 1329704220.088317 4 -11 -14
42.052467 1329704220.096529 2 -9 -13
42.093980 1329704220.105123 0 -8 -12
42.093980 1329704220.114556 0 -6 -11
42.135955 1329704220.121305 0 -5 -10
42.135955 1329704220.129879 -1 -4 -9
42.191652 1329704220.137870 -1 -4 -9
42.191652 1329704220.146146 -1 -3 -8
42.219409 1329704220.154481 -1 -3 -7
42.219409 1329704220.165416 -1 -2 -7
42.252251 1329704220.171026 -1 -2 -6
42.252251 1329704220.179541 -2 -1 -6
42.308221 1329704220.187703 -2 -1 -5
42.308221 1329704220.196036 -2 0 -5
42.335446 1329704220.204220 -2 0 -5
42.335446 1329704220.212840 -3 0 -5
42.376714 1329704220.221758 -3 0 -4
42.376714 1329704220.229372 -3 0 -4
42.418888 1329704220.237872 -3 0 -4
42.418888 1329704220.245915 -2 0 -4
42.454333 1329704220.254565 -2 0 -4
42.454333 1329704220.262875 -2 0 -4
42.508042 1329704220.270758 -2 0 -4
42.508042 1329704220.279431 -2 0 -5
42.535587 1329704220.287885 -2 0 -5
42.535587 1329704220.296224 -2 1 -5
42.576772 1329704220.304434 -1 1 -5
42.576772 1329704220.313176 -1 1 -5
42.618450 1329704220.324185 -1 1 -5
42.618450 1329704220.329887 -2 1 -5
42.652022 1329704220.338552 -2 2 -6
42.652022 1329704220.346916 -2 2 -6
42.693821 1329704220.355290 -2 2 -6
42.693821 1329704220.363894 -2 2 -6
42.735166 1329704220.371628 -2 2 -6
42.735166 1329704220.380094 -2 2 -6
42.776076 1329704220.388466 -2 3 -6
42.776076 1329704220.396977 -2 3 -6
42.827657 1329704220.405088 -2 3 -6
42.827657 1329704220.413481 -2 4 -7
42.854842 1329704220.421423 -2 4 -7
42.854842 1329704220.430185 -1 5 -7
42.893431 1329704220.438710 -2 6 -7
42.893431 1329704220.452924 -2 7 -7
42.941412 1329704220.455779 -2 8 -8
42.941412 1329704220.463503 -2 9 -8
42.976673 1329704220.471660 -3 11 -9
42.976673 1329704220.479700 -3 12 -9
43.010558 1329704220.488582 -4 14 -9
43.010558 1329704220.497063 -5 16 -10
43.051170 1329704220.505020 -6 18 -11
43.051170 1329704220.513343 -7 20 -11
43.100418 1329704220.521344 -9 22 -12
43.100418 1329704220.530089 -10 24 -13
43.134931 1329704220.538645 -11 27 -14
43.134931 1329704220.552730 -12 29 -15
43.191272 1329704220.558351 -13 32 -15
43.191272 1329704220.572340 -14 34 -16
43.217547 1329704220.584758 -14 37 -16
43.217547 1329704220.599143 -14 40 -16
43.250701 1329704220.605004 -14 43 -16
43.250701 1329704220.613285 -13 46 -15
43.302413 1329704220.621662 -13 49 -15
43.302413 1329704220.629710 -12 52 -15
43.333594 1329704220.638381 -12 54 -15
43.333594 1329704220.646473 -11 56 -15
43.375053 1329704220.654849 -11 58 -15
43.375053 1329704220.663089 -10 59 -15
43.416587 1329704220.671502 -9 60 -15
43.416587 1329704220.679608 -8 61 -15
43.458352 1329704220.688159 -8 61 -15
43.458352 1329704220.696433 -7 62 -15
43.491490 1329704220.704673 -7 62 -15
43.491490 1329704220.714806 -5 62 -15
43.536351 1329704220.721465 -3 60 -14
43.536351 1329704220.741391 -1 59 -13
43.575102 1329704220.764928 1 56 -11
43.575102 1329704220.778930 4 53 -9
43.617325 1329704220.781516 7 50 -7
43.617325 1329704220.787819 11 46 -6
43.650688 1329704220.796289 14 43 -5
43.650688 1329704220.805141 18 38 -5
43.692165 1329704220.824932 21 33 -4
43.692165 1329704220.829587 25 27 -5
43.731555 1329704220.837951 29 21 -6
43.731555 1329704220.846269 34 14 -8
43.784376 1329704220.854329 39 8 -10
43.784376 1329704220.862834 44 2 -13
43.817078 1329704220.871172 49 -2 -16
43.817078 1329704220.879752 55 -7 -20
43.850995 1329704220.887815 60 -12 -24
43.850995 1329704220.896341 67 -16 -29
43.891699 1329704220.904259 73 -19 -34
43.891699 1329704220.913331 78 -22 -39
43.933326 1329704220.934555 83 -23 -44
43.933326 1329704220.938085 87 -25 -47
43.975459 1329704220.946407 90 -25 -50
43.975459 1329704220.954797 92 -26 -52
44.024752 1329704220.962973 93 -26 -52
44.024752 1329704220.974210 92 -27 -52
44.062590 1329704220.979886 90 -27 -51
44.062590 1329704220.988055 88 -27 -50
44.112880 1329704220.996838 85 -27 -48
44.112880 1329704221.004607 81 -27 -46
44.132867 1329704221.012953 77 -26 -44
44.132867 1329704221.021714 73 -26 -41
44.174528 1329704221.030515 68 -25 -38
44.174528 1329704221.038281 63 -23 -36
44.216450 1329704221.046243 58 -22 -33
44.216450 1329704221.054796 53 -20 -31
44.258663 1329704221.063012 48 -18 -29
44.258663 1329704221.071418 43 -16 -27
44.302833 1329704221.082190 38 -15 -25
44.302833 1329704221.088300 33 -13 -24
44.334248 1329704221.096222 28 -11 -23
44.334248 1329704221.104845 23 -10 -21
44.385028 1329704221.113147 19 -8 -20
44.385028 1329704221.122249 14 -6 -19
44.429271 1329704221.138210 11 -5 -18
44.429271 1329704221.150700 7 -3 -18
44.458636 1329704221.156328 4 -2 -17
44.458636 1329704221.162950 1 -1 -16
44.492107 1329704221.171910 0 0 -16
44.492107 1329704221.180070 -2 0 -15
44.534145 1329704221.188188 -3 1 -15
44.534145 1329704221.204093 -4 1 -14
44.582883 1329704221.207502 -5 2 -14
44.582883 1329704221.212928 -6 2 -13
44.616650 1329704221.221209 -6 2 -13
44.616650 1329704221.231844 -6 3 -12
44.658611 1329704221.238338 -6 3 -11
44.658611 1329704221.249977 -6 3 -11
44.691598 1329704221.254579 -6 3 -10
44.691598 1329704221.262741 -6 3 -10
44.734264 1329704221.271268 -6 3 -10
44.734264 1329704221.279798 -5 3 -10
44.774830 1329704221.287893 -5 3 -9
44.774830 1329704221.303856 -5 3 -9
44.816576 1329704221.327644 -5 3 -9
44.816576 1329704221.341054 -4 3 -9
44.870311 1329704221.345498 -4 3 -9
44.870311 1329704221.353917 -4 3 -9
44.891473 1329704221.362583 -4 3 -9
44.891473 1329704221.376646 -3 3 -9
44.932709 1329704221.379499 -3 3 -9
44.932709 1329704221.387097 -3 3 -9
44.974160 1329704221.395659 -3 3 -9
44.974160 1329704221.404121 -3 3 -9
