imu_t vicon_t roll pitch yaw
2.091007 1329704121.308178 0 0 0
2.125046 1329704121.322668 0 0 0
2.150413 1329704121.332805 0 0 0
2.150413 1329704121.341515 0 0 0
2.183064 1329704121.349593 0 0 0
2.216718 1329704121.358097 0 0 0
2.216718 1329704121.366441 0 0 0
2.241659 1329704121.374731 0 0 0
2.274718 1329704121.382819 0 0 0
2.274718 1329704121.391493 0 0 0
2.307944 1329704121.399458 0 0 0
2.332639 1329704121.408101 0 0 0
2.332639 1329704121.416384 0 0 0
2.366186 1329704121.424819 0 0 0
2.391282 1329704121.432806 0 0 0
2.391282 1329704121.442110 0 0 0
2.424685 1329704121.449243 0 0 0
2.457986 1329704121.462819 0 0 0
2.457986 1329704121.466272 0 0 0
2.482857 1329704121.474513 0 0 0
2.516095 1329704121.482597 0 0 0
2.516095 1329704121.491749 0 0 0
2.541206 1329704121.499399 0 0 0
2.574835 1329704121.513902 0 0 0
2.574835 1329704121.516690 0 0 0
2.601176 1329704121.524386 0 0 0
2.632925 1329704121.532887 0 0 0
2.632925 1329704121.541305 0 0 0
2.665498 1329704121.549291 0 0 0
2.697724 1329704121.558006 0 0 0
2.697724 1329704121.567499 0 0 0
2.724063 1329704121.574329 0 0 0
2.758264 1329704121.582775 0 0 0
2.758264 1329704121.591339 0 0 0
2.781798 1329704121.599741 0 0 0
2.815875 1329704121.607831 0 0 0
2.815875 1329704121.617905 0 0 0
2.840272 1329704121.626474 0 0 0
2.876915 1329704121.632842 0 0 0
2.876915 1329704121.641293 0 0 0
2.906567 1329704121.649257 0 0 0
2.931438 1329704121.657940 0 0 0
2.931438 1329704121.666306 0 0 0
2.964971 1329704121.674957 0 0 0
2.997708 1329704121.682919 0 0 0
2.997708 1329704121.691533 0 0 0
3.024844 1329704121.699442 0 0 0
3.056492 1329704121.708222 0 0 0
3.056492 1329704121.716281 0 -1 0
3.098020 1329704121.726897 0 -1 0
3.098020 1329704121.741667 0 -1 0
3.123307 1329704121.754011 0 -1 0
3.156347 1329704121.768588 0 -1 0
3.156347 1329704121.792042 0 -1 0
3.200362 1329704121.815368 0 -1 0
3.200362 1329704121.829082 0 0 0
3.231099 1329704121.832530 0 0 0
3.231099 1329704121.841619 0 0 0
3.272810 1329704121.850929 0 0 0
3.272810 1329704121.858382 0 0 0
3.314370 1329704121.866111 0 0 0
3.314370 1329704121.874505 0 0 0
3.356159 1329704121.882754 0 0 0
3.356159 1329704121.891397 0 0 0
3.398759 1329704121.899532 0 0 0
3.398759 1329704121.908872 0 0 0
3.431116 1329704121.916026 0 0 0
3.431116 1329704121.925778 0 0 0
3.474701 1329704121.932801 0 0 0
3.474701 1329704121.944423 0 0 0
3.515744 1329704121.949092 0 0 0
3.515744 1329704121.957702 0 1 0
3.556168 1329704121.965649 0 1 0
3.556168 1329704121.974450 0 2 0
3.597600 1329704121.982553 0 2 0
3.597600 1329704121.997200 0 3 0
3.631102 1329704122.010864 0 3 0
3.631102 1329704122.015982 0 4 0
3.684006 1329704122.023944 0 5 0
3.684006 1329704122.032629 0 5 0
3.714271 1329704122.040860 0 6 0
3.714271 1329704122.049392 1 6 0
3.755796 1329704122.060066 1 5 0
3.755796 1329704122.066106 1 5 0
3.796973 1329704122.073888 1 4 0
3.796973 1329704122.082572 1 4 0
3.840875 1329704122.090813 0 3 -1
3.840875 1329704122.101396 0 3 -1
3.872391 1329704122.124813 0 3 -1
3.872391 1329704122.132647 0 3 -1
3.914180 1329704122.140266 -1 3 -1
3.914180 1329704122.149296 -1 4 -1
3.964547 1329704122.157590 -2 4 -2
3.964547 1329704122.165870 -3 5 -2
3.997725 1329704122.174174 -3 5 -2
3.997725 1329704122.182716 -4 6 -3
4.039586 1329704122.190320 -4 6 -3
4.039586 1329704122.198876 -5 7 -4
4.072730 1329704122.207547 -5 7 -4
4.072730 1329704122.215674 -6 7 -5
4.113922 1329704122.223913 -6 8 -5
4.113922 1329704122.232673 -6 8 -5
4.155922 1329704122.240477 -6 9 -6
4.155922 1329704122.248980 -6 9 -6
4.197800 1329704122.257443 -7 10 -7
4.197800 1329704122.266009 -6 11 -7
4.231725 1329704122.274046 -6 11 -7
4.231725 1329704122.287637 -6 12 -8
4.303973 1329704122.292464 -7 13 -9
4.303973 1329704122.299826 -7 14 -9
4.314311 1329704122.307454 -7 15 -10
4.314311 1329704122.317143 -7 17 -10
4.356156 1329704122.323605 -7 18 -11
4.356156 1329704122.333639 -7 20 -11
4.397878 1329704122.340206 -6 21 -12
4.397878 1329704122.349051 -5 22 -12
4.431096 1329704122.357332 -5 23 -12
4.431096 1329704122.365482 -5 24 -13
4.473963 1329704122.373757 -4 24 -13
4.473963 1329704122.382571 -4 25 -13
4.513825 1329704122.401130 -4 25 -13
4.513825 1329704122.407253 -4 25 -14
4.564948 1329704122.415518 -4 25 -14
4.564948 1329704122.423852 -4 25 -14
4.593949 1329704122.432262 -4 25 -14
4.593949 1329704122.440917 -4 25 -14
4.634751 1329704122.455209 -4 25 -14
4.634751 1329704122.460183 -4 25 -14
4.673519 1329704122.473091 -4 25 -15
4.673519 1329704122.487934 -4 25 -15
4.718932 1329704122.492857 -5 25 -15
4.718932 1329704122.507728 -5 26 -15
4.766909 1329704122.519715 -5 27 -16
4.766909 1329704122.534301 -6 28 -16
4.797210 1329704122.540963 -6 28 -16
4.797210 1329704122.557648 -6 29 -16
4.838895 1329704122.565435 -6 30 -16
4.838895 1329704122.574005 -6 31 -16
4.874610 1329704122.581967 -6 31 -16
4.874610 1329704122.590099 -6 32 -16
4.913835 1329704122.598908 -6 33 -15
4.913835 1329704122.619638 -6 34 -15
4.955429 1329704122.623583 -5 34 -14
4.955429 1329704122.632740 -5 35 -13
4.996601 1329704122.640505 -4 36 -13
4.996601 1329704122.649204 -4 38 -12
5.038553 1329704122.657005 -4 39 -12
5.038553 1329704122.665806 -5 42 -12
5.071818 1329704122.673360 -6 44 -14
5.071818 1329704122.682219 -9 46 -16
5.113253 1329704122.690038 -10 48 -18
5.113253 1329704122.698414 -11 50 -19
5.154931 1329704122.706789 -11 51 -20
5.154931 1329704122.715679 -11 51 -21
5.196450 1329704122.723383 -11 50 -21
5.196450 1329704122.732025 -11 49 -21
5.231222 1329704122.740510 -11 47 -21
5.231222 1329704122.748145 -10 46 -20
5.274303 1329704122.757033 -10 44 -20
5.274303 1329704122.765474 -10 43 -19
5.313211 1329704122.773422 -10 42 -19
5.313211 1329704122.782419 -11 41 -19
5.354960 1329704122.790416 -11 41 -19
5.354960 1329704122.798721 -11 41 -19
5.396331 1329704122.806979 -12 40 -19
5.396331 1329704122.815366 -12 40 -18
5.434467 1329704122.823452 -13 38 -18
5.434467 1329704122.831964 -13 36 -18
5.472564 1329704122.840266 -14 34 -17
5.472564 1329704122.848268 -15 31 -17
5.513848 1329704122.856813 -16 27 -16
5.513848 1329704122.866754 -17 23 -15
5.555149 1329704122.873139 -19 19 -15
5.555149 1329704122.881999 -20 15 -14
5.596978 1329704122.890161 -22 11 -13
5.596978 1329704122.898283 -24 7 -12
5.640231 1329704122.916961 -27 3 -10
5.640231 1329704122.923673 -29 -1 -9
5.673568 1329704122.931415 -31 -5 -7
5.673568 1329704122.940237 -33 -9 -5
5.712785 1329704122.948315 -35 -12 -3
5.712785 1329704122.956475 -37 -16 0
5.753691 1329704122.965244 -39 -19 1
5.753691 1329704122.973576 -41 -22 3
5.796539 1329704122.981516 -43 -25 6
5.796539 1329704122.990488 -45 -27 8
5.836670 1329704122.998631 -46 -30 11
5.836670 1329704123.006438 -48 -32 14
5.872196 1329704123.019115 -50 -35 16
5.872196 1329704123.023565 -51 -37 19
5.912465 1329704123.031372 -53 -38 21
5.912465 1329704123.040104 -54 -40 23
5.953237 1329704123.048820 -56 -40 25
5.953237 1329704123.056326 -57 -41 26
5.994004 1329704123.071590 -57 -41 26
5.994004 1329704123.083647 -57 -41 26
6.036087 1329704123.089734 -57 -40 26
6.036087 1329704123.098723 -57 -40 25
6.077428 1329704123.106750 -56 -39 24
6.077428 1329704123.115516 -55 -38 23
6.111959 1329704123.123477 -53 -37 21
6.111959 1329704123.132877 -51 -35 19
6.152342 1329704123.139636 -49 -34 18
6.152342 1329704123.148187 -47 -32 16
6.195634 1329704123.156397 -45 -31 14
6.195634 1329704123.164745 -42 -29 12
6.236906 1329704123.173400 -40 -27 9
6.236906 1329704123.181755 -38 -25 7
6.279417 1329704123.189693 -35 -22 5
6.279417 1329704123.198015 -33 -20 3
6.311972 1329704123.206443 -31 -17 1
6.311972 1329704123.214857 -29 -15 0
6.354237 1329704123.223278 -27 -12 -1
6.354237 1329704123.237251 -25 -9 -2
6.392854 1329704123.242279 -22 -6 -4
6.392854 1329704123.263716 -21 -4 -5
6.437509 1329704123.266194 -19 -1 -6
6.437509 1329704123.273245 -18 0 -7
6.470986 1329704123.281619 -17 2 -8
6.470986 1329704123.289848 -15 4 -9
6.512577 1329704123.305262 -15 6 -10
6.512577 1329704123.319556 -14 8 -10
6.553971 1329704123.332357 -13 10 -11
6.553971 1329704123.339875 -12 12 -12
6.595536 1329704123.347903 -12 14 -12
6.595536 1329704123.362468 -12 15 -13
6.642286 1329704123.365413 -11 17 -14
6.642286 1329704123.382329 -10 18 -14
6.690075 1329704123.405754 -10 19 -15
6.690075 1329704123.408751 -9 20 -15
6.712092 1329704123.414948 -9 21 -16
6.712092 1329704123.422996 -8 22 -16
6.753293 1329704123.431573 -8 22 -17
6.753293 1329704123.439822 -8 23 -17
6.794167 1329704123.454601 -7 23 -17
6.794167 1329704123.457798 -7 24 -18
6.837100 1329704123.464983 -7 24 -18
6.837100 1329704123.473092 -7 24 -19
6.878675 1329704123.481419 -7 25 -19
6.878675 1329704123.489770 -7 25 -19
6.911866 1329704123.497828 -6 26 -20
6.911866 1329704123.509124 -6 26 -20
6.953576 1329704123.514911 -6 27 -20
6.953576 1329704123.522960 -6 27 -20
7.001359 1329704123.531421 -5 28 -21
7.001359 1329704123.539628 -5 28 -21
7.033229 1329704123.550103 -5 29 -21
7.033229 1329704123.556356 -4 29 -21
7.079258 1329704123.564599 -4 29 -20
7.079258 1329704123.573192 -4 29 -20
7.112475 1329704123.581266 -4 29 -20
7.112475 1329704123.589446 -4 29 -20
7.152893 1329704123.597527 -4 29 -20
7.152893 1329704123.606438 -5 29 -20
7.194959 1329704123.614715 -5 30 -20
7.194959 1329704123.622677 -5 30 -20
7.236255 1329704123.631385 -5 30 -20
7.236255 1329704123.639636 -5 30 -20
7.271658 1329704123.647519 -5 30 -20
7.271658 1329704123.656178 -5 30 -20
7.311413 1329704123.664607 -5 30 -20
7.311413 1329704123.672736 -5 30 -20
7.352574 1329704123.680927 -5 30 -20
7.352574 1329704123.689500 -5 30 -20
7.394896 1329704123.697464 -5 30 -20
7.394896 1329704123.706032 -5 30 -20
7.436326 1329704123.714408 -5 30 -20
7.436326 1329704123.722618 -4 30 -20
7.482955 1329704123.730974 -4 30 -20
7.482955 1329704123.739430 -4 30 -20
7.519869 1329704123.747421 -4 31 -20
7.519869 1329704123.761557 -5 31 -20
7.552770 1329704123.764099 -5 31 -20
7.552770 1329704123.772678 -5 32 -20
7.598470 1329704123.780893 -5 32 -20
7.598470 1329704123.789484 -5 32 -20
7.636095 1329704123.797658 -5 33 -21
7.636095 1329704123.805878 -5 33 -21
7.677825 1329704123.814337 -5 33 -21
7.677825 1329704123.822639 -6 33 -21
7.711529 1329704123.830989 -6 33 -21
7.711529 1329704123.839289 -6 33 -21
7.752997 1329704123.847465 -6 33 -21
7.752997 1329704123.855933 -6 33 -21
7.793996 1329704123.864273 -5 34 -20
7.793996 1329704123.872438 -5 34 -20
7.834076 1329704123.880698 -4 36 -20
7.834076 1329704123.889531 -3 37 -19
7.877485 1329704123.897497 -3 39 -19
7.877485 1329704123.905945 -3 41 -19
7.910865 1329704123.915957 -4 44 -19
7.910865 1329704123.928486 -7 46 -21
7.952205 1329704123.931403 -9 47 -23
7.952205 1329704123.938784 -11 49 -24
7.993646 1329704123.947103 -12 50 -25
7.993646 1329704123.960422 -12 51 -25
8.034897 1329704123.963521 -11 51 -25
8.034897 1329704123.972381 -11 51 -25
8.076708 1329704123.980245 -10 50 -25
8.076708 1329704123.988529 -10 49 -25
8.110616 1329704123.996567 -10 47 -24
8.110616 1329704124.012474 -9 45 -24
8.152394 1329704124.014622 -9 43 -23
8.152394 1329704124.021812 -10 42 -23
8.193971 1329704124.030141 -11 40 -23
8.193971 1329704124.038754 -12 39 -23
8.235775 1329704124.046354 -13 36 -22
8.235775 1329704124.055213 -14 34 -22
8.277643 1329704124.073011 -15 30 -21
8.277643 1329704124.079888 -16 26 -20
8.311800 1329704124.088134 -17 21 -19
8.311800 1329704124.096580 -17 16 -17
8.353794 1329704124.104815 -18 10 -15
8.353794 1329704124.113138 -19 4 -13
8.395535 1329704124.130577 -21 -1 -11
8.395535 1329704124.141835 -22 -7 -9
8.440037 1329704124.148160 -24 -12 -6
8.440037 1329704124.155053 -26 -18 -3
8.476681 1329704124.163079 -28 -23 0
8.476681 1329704124.171566 -30 -27 2
8.518111 1329704124.179899 -32 -31 5
8.518111 1329704124.191562 -34 -35 8
8.552743 1329704124.196515 -36 -38 11
8.552743 1329704124.204883 -39 -41 14
8.591064 1329704124.213229 -41 -44 17
8.591064 1329704124.221303 -44 -46 20
8.634764 1329704124.229737 -46 -47 23
8.634764 1329704124.237887 -48 -48 25
8.675572 1329704124.246249 -49 -49 26
8.675572 1329704124.254811 -49 -49 26
8.716862 1329704124.262786 -49 -48 25
8.716862 1329704124.271391 -48 -47 24
8.750991 1329704124.279740 -46 -45 22
8.750991 1329704124.299162 -45 -43 19
8.792723 1329704124.312503 -42 -41 17
8.792723 1329704124.314205 -40 -38 14
8.841789 1329704124.322049 -38 -35 11
8.841789 1329704124.329740 -35 -32 8
8.875686 1329704124.337967 -32 -28 5
8.875686 1329704124.346298 -30 -25 2
8.917779 1329704124.354614 -28 -21 0
8.917779 1329704124.362506 -25 -17 -1
8.963016 1329704124.371258 -23 -13 -3
8.963016 1329704124.379782 -22 -9 -5
8.992710 1329704124.387831 -20 -6 -7
8.992710 1329704124.396146 -18 -2 -8
9.036943 1329704124.404395 -17 0 -10
9.036943 1329704124.412801 -16 4 -12
9.076497 1329704124.420991 -15 6 -13
9.076497 1329704124.429195 -13 9 -14
9.116086 1329704124.438017 -12 12 -15
9.116086 1329704124.446903 -11 15 -16
9.151526 1329704124.454149 -11 17 -17
9.151526 1329704124.462514 -10 19 -18
9.192709 1329704124.471021 -9 21 -19
9.192709 1329704124.479039 -9 22 -19
9.234808 1329704124.487737 -8 24 -20
9.234808 1329704124.502456 -8 25 -20
9.281977 1329704124.504375 -7 26 -21
9.281977 1329704124.515138 -7 27 -21
9.319831 1329704124.522811 -6 28 -22
9.319831 1329704124.533825 -6 28 -22
9.351342 1329704124.537251 -6 29 -23
9.351342 1329704124.545777 -6 29 -23
9.393411 1329704124.562742 -7 30 -24
9.393411 1329704124.571071 -6 30 -24
9.434394 1329704124.579292 -6 30 -24
9.434394 1329704124.587470 -6 30 -25
9.476237 1329704124.595575 -6 30 -25
9.476237 1329704124.604254 -6 30 -25
9.518421 1329704124.612481 -6 30 -26
9.518421 1329704124.621022 -6 30 -26
9.555129 1329704124.629140 -6 30 -26
9.555129 1329704124.637533 -6 30 -27
9.591845 1329704124.645861 -6 29 -27
9.591845 1329704124.654335 -6 29 -27
9.634319 1329704124.662521 -6 29 -27
9.634319 1329704124.670941 -6 29 -27
9.676034 1329704124.679532 -6 29 -27
9.676034 1329704124.687493 -6 29 -27
9.715743 1329704124.696497 -6 29 -27
9.715743 1329704124.704391 -6 29 -27
9.750643 1329704124.713432 -6 29 -27
9.750643 1329704124.724792 -6 29 -27
9.792575 1329704124.729102 -6 29 -27
9.792575 1329704124.737430 -6 28 -27
9.834296 1329704124.745895 -6 28 -27
9.834296 1329704124.754056 -6 28 -27
9.875505 1329704124.762184 -6 28 -27
9.875505 1329704124.771037 -6 28 -27
9.917029 1329704124.779173 -6 28 -27
9.917029 1329704124.789444 -6 29 -27
9.958772 1329704124.795707 -6 29 -27
9.958772 1329704124.805736 -6 29 -27
9.999113 1329704124.816751 -6 29 -27
9.999113 1329704124.820248 -6 29 -27
10.033881 1329704124.830524 -6 29 -27
10.033881 1329704124.837489 -5 29 -27
10.075151 1329704124.845694 -5 29 -27
10.075151 1329704124.853999 -5 29 -27
10.117254 1329704124.862160 -5 29 -27
10.117254 1329704124.870910 -5 29 -27
10.170425 1329704124.888333 -5 29 -27
10.170425 1329704124.895779 -5 30 -27
10.191747 1329704124.903714 -5 30 -27
10.191747 1329704124.912348 -5 30 -27
10.233211 1329704124.920772 -5 30 -28
10.233211 1329704124.929227 -5 30 -28
10.275049 1329704124.937438 -5 30 -28
10.275049 1329704124.945682 -5 30 -28
10.317664 1329704124.953566 -5 31 -28
10.317664 1329704124.962125 -5 31 -27
10.360353 1329704124.972395 -4 31 -27
10.360353 1329704124.979019 -4 31 -27
10.398044 1329704124.998744 -4 32 -27
10.398044 1329704125.003984 -4 32 -26
10.433548 1329704125.011836 -3 33 -26
10.433548 1329704125.020696 -3 33 -25
10.475197 1329704125.029008 -2 34 -25
10.475197 1329704125.037670 -1 35 -25
10.516511 1329704125.046597 -1 36 -24
10.516511 1329704125.053898 -1 38 -25
10.558146 1329704125.061821 -3 40 -26
10.558146 1329704125.070510 -5 41 -27
10.595205 1329704125.078910 -7 42 -28
10.595205 1329704125.087511 -8 43 -28
10.633300 1329704125.095645 -8 44 -29
10.633300 1329704125.104394 -8 45 -30
10.675759 1329704125.111733 -9 45 -31
10.675759 1329704125.121750 -9 45 -31
10.716065 1329704125.129003 -9 45 -31
10.716065 1329704125.137062 -8 44 -31
10.758176 1329704125.145580 -8 43 -30
10.758176 1329704125.155627 -8 41 -30
10.797267 1329704125.161690 -8 40 -29
10.797267 1329704125.170300 -8 39 -28
10.833366 1329704125.178864 -9 37 -28
10.833366 1329704125.187173 -10 36 -28
10.875251 1329704125.195444 -11 34 -28
10.875251 1329704125.212408 -12 32 -28
10.916907 1329704125.223251 -13 30 -27
10.916907 1329704125.229014 -14 27 -27
10.959456 1329704125.236835 -15 24 -27
10.959456 1329704125.245397 -17 21 -26
10.991795 1329704125.253881 -19 17 -25
10.991795 1329704125.262169 -21 12 -24
11.033083 1329704125.279326 -23 8 -22
11.033083 1329704125.287267 -25 3 -21
11.074612 1329704125.295584 -27 -1 -19
11.074612 1329704125.304275 -30 -6 -16
11.113506 1329704125.312506 -32 -11 -14
11.113506 1329704125.320480 -35 -16 -10
11.156513 1329704125.329202 -37 -21 -7
11.156513 1329704125.337530 -40 -26 -2
11.191342 1329704125.345651 -43 -31 2
11.191342 1329704125.354272 -46 -36 8
11.233310 1329704125.362618 -49 -40 14
11.233310 1329704125.370741 -53 -43 19
11.272510 1329704125.378963 -56 -45 24
11.272510 1329704125.387586 -59 -47 27
11.314056 1329704125.395688 -61 -47 30
11.314056 1329704125.404119 -63 -48 31
11.355915 1329704125.413625 -63 -47 31
11.355915 1329704125.420812 -63 -47 30
11.397167 1329704125.428768 -62 -46 27
11.397167 1329704125.437906 -59 -45 25
11.430678 1329704125.445476 -57 -44 22
11.430678 1329704125.454183 -54 -42 18
11.473564 1329704125.462433 -51 -40 15
11.473564 1329704125.470677 -47 -38 12
11.514652 1329704125.479030 -44 -35 8
11.514652 1329704125.491748 -40 -32 4
11.551306 1329704125.495467 -36 -28 1
11.551306 1329704125.504544 -33 -24 -1
11.607317 1329704125.512561 -30 -20 -4
11.607317 1329704125.520656 -27 -16 -7
11.632411 1329704125.538459 -25 -12 -9
11.632411 1329704125.546402 -21 -7 -11
11.674015 1329704125.554072 -18 -3 -13
11.674015 1329704125.563371 -16 1 -15
11.724384 1329704125.618573 -14 5 -17
11.724384 1329704125.620712 -12 9 -18
11.763056 1329704125.629092 -10 13 -19
11.763056 1329704125.637373 -8 16 -20
11.791330 1329704125.648487 -7 19 -21
11.791330 1329704125.653821 -6 21 -22
11.832680 1329704125.662822 -5 23 -23
11.832680 1329704125.670772 -5 25 -23
11.874477 1329704125.678889 -4 27 -24
11.874477 1329704125.689061 -4 28 -24
11.915808 1329704125.695837 -4 29 -24
11.915808 1329704125.703849 -4 30 -25
11.957426 1329704125.712575 -4 31 -25
11.957426 1329704125.720553 -4 32 -25
12.018849 1329704125.728846 -4 32 -26
12.018849 1329704125.737142 -3 33 -26
12.031445 1329704125.745879 -3 33 -26
12.031445 1329704125.753733 -3 33 -26
12.073139 1329704125.762553 -3 33 -27
12.073139 1329704125.781877 -4 33 -27
12.115344 1329704125.788783 -4 33 -27
12.115344 1329704125.795702 -4 33 -27
12.161046 1329704125.803980 -4 33 -28
12.161046 1329704125.812299 -4 33 -28
12.198389 1329704125.820831 -4 33 -28
12.198389 1329704125.828587 -5 33 -29
12.231794 1329704125.837182 -5 33 -29
12.231794 1329704125.849419 -5 34 -29
12.272922 1329704125.853890 -5 34 -30
12.272922 1329704125.862308 -5 34 -30
12.314832 1329704125.879627 -5 34 -30
12.314832 1329704125.887271 -5 34 -30
12.361158 1329704125.908730 -5 34 -31
12.361158 1329704125.932418 -5 34 -31
12.408768 1329704125.944693 -5 34 -31
12.408768 1329704125.949440 -5 34 -31
12.440654 1329704125.954231 -5 34 -31
12.440654 1329704125.962182 -5 34 -31
12.477015 1329704125.971542 -5 34 -31
12.477015 1329704125.978854 -5 34 -31
12.515033 1329704125.987230 -5 34 -31
12.515033 1329704125.995584 -5 34 -31
12.555880 1329704126.003499 -5 34 -31
12.555880 1329704126.012334 -5 34 -31
12.598086 1329704126.020536 -5 34 -31
12.598086 1329704126.033570 -5 34 -31
12.630871 1329704126.039391 -5 34 -32
12.630871 1329704126.045674 -5 34 -32
12.674070 1329704126.053599 -5 34 -32
12.674070 1329704126.062259 -5 35 -32
12.714468 1329704126.081664 -5 35 -32
12.714468 1329704126.087919 -5 35 -32
12.756906 1329704126.095506 -5 35 -32
12.756906 1329704126.103602 -5 36 -32
12.797908 1329704126.111908 -5 37 -32
12.797908 1329704126.120419 -5 38 -32
12.831011 1329704126.128857 -6 38 -32
12.831011 1329704126.136898 -6 39 -33
12.872976 1329704126.145363 -6 39 -33
12.872976 1329704126.153765 -6 39 -34
12.914394 1329704126.161744 -6 39 -34
12.914394 1329704126.170431 -5 39 -34
12.953310 1329704126.179042 -5 38 -34
12.953310 1329704126.189344 -5 37 -34
12.992150 1329704126.195395 -5 36 -34
12.992150 1329704126.204204 -5 36 -34
13.031018 1329704126.212237 -5 35 -34
13.031018 1329704126.220608 -5 34 -34
13.072568 1329704126.228575 -5 34 -33
13.072568 1329704126.240154 -6 33 -33
13.114005 1329704126.245284 -6 33 -33
13.114005 1329704126.253321 -6 34 -32
13.156848 1329704126.261670 -6 35 -32
13.156848 1329704126.270215 -7 37 -33
13.204364 1329704126.278534 -9 39 -34
13.204364 1329704126.286821 -12 42 -35
13.230844 1329704126.294972 -14 44 -36
13.230844 1329704126.303658 -15 45 -37
13.272226 1329704126.311458 -15 46 -38
13.272226 1329704126.320159 -15 46 -38
13.313666 1329704126.328619 -15 46 -39
13.313666 1329704126.336718 -15 46 -38
13.357764 1329704126.353251 -14 44 -38
13.357764 1329704126.356061 -13 43 -37
13.397664 1329704126.361197 -12 42 -36
13.397664 1329704126.369842 -11 40 -35
13.431236 1329704126.378380 -11 39 -34
13.431236 1329704126.386565 -11 37 -34
13.474320 1329704126.394505 -12 36 -34
13.474320 1329704126.403300 -13 33 -33
13.514714 1329704126.411323 -14 31 -33
13.514714 1329704126.419705 -15 27 -33
13.556404 1329704126.428074 -16 23 -32
13.556404 1329704126.436674 -17 19 -31
13.598047 1329704126.444332 -19 13 -30
13.598047 1329704126.453222 -21 8 -29
13.630949 1329704126.461021 -23 2 -27
13.630949 1329704126.469667 -25 -3 -25
13.672199 1329704126.478477 -27 -10 -22
13.672199 1329704126.486503 -30 -16 -19
13.713426 1329704126.494361 -32 -22 -15
13.713426 1329704126.503155 -35 -27 -11
13.764465 1329704126.511201 -38 -32 -6
13.764465 1329704126.519710 -42 -37 -2
13.795482 1329704126.528092 -45 -41 2
13.795482 1329704126.537612 -48 -43 6
13.836607 1329704126.545869 -51 -46 9
13.836607 1329704126.554178 -53 -47 12
13.878443 1329704126.561271 -55 -48 13
13.878443 1329704126.569680 -56 -49 14
13.911850 1329704126.577887 -57 -49 15
13.911850 1329704126.589075 -57 -49 15
13.953133 1329704126.594649 -57 -49 14
13.953133 1329704126.603105 -56 -48 13
13.994938 1329704126.611562 -54 -47 11
13.994938 1329704126.619675 -53 -46 9
14.043143 1329704126.627998 -50 -45 6
14.043143 1329704126.637248 -47 -42 3
14.073075 1329704126.644641 -44 -40 0
14.073075 1329704126.653103 -41 -36 -3
14.113217 1329704126.661358 -38 -32 -7
14.113217 1329704126.669725 -35 -28 -10
14.155034 1329704126.678113 -31 -23 -14
14.155034 1329704126.686486 -29 -18 -17
14.196435 1329704126.694701 -26 -12 -20
14.196435 1329704126.703035 -24 -7 -22
14.230323 1329704126.711087 -22 -2 -25
14.230323 1329704126.719636 -19 2 -27
14.271782 1329704126.728116 -17 7 -28
14.271782 1329704126.736454 -15 11 -29
14.314176 1329704126.749147 -14 15 -31
14.314176 1329704126.753494 -13 19 -32
14.355532 1329704126.761199 -12 22 -33
14.355532 1329704126.770386 -11 25 -34
14.397742 1329704126.778417 -10 27 -34
14.397742 1329704126.787211 -10 29 -35
14.439850 1329704126.800604 -9 31 -35
14.439850 1329704126.805998 -8 32 -35
14.478206 1329704126.811746 -8 34 -35
14.478206 1329704126.819885 -8 34 -36
14.512952 1329704126.828608 -7 35 -36
14.512952 1329704126.837038 -7 36 -36
14.554939 1329704126.854999 -7 36 -37
14.554939 1329704126.862165 -7 37 -37
14.596402 1329704126.869926 -7 37 -37
14.596402 1329704126.878545 -7 38 -38
14.630940 1329704126.886876 -6 38 -38
14.630940 1329704126.895098 -7 39 -38
14.671392 1329704126.902909 -7 39 -38
14.671392 1329704126.911738 -7 39 -38
14.712551 1329704126.919851 -7 39 -38
14.712551 1329704126.931093 -6 38 -38
14.754644 1329704126.936543 -6 38 -39
14.754644 1329704126.955008 -6 38 -39
14.795402 1329704126.957515 -6 38 -39
14.795402 1329704126.975774 -6 38 -39
14.837675 1329704126.988337 -6 38 -39
14.837675 1329704126.994298 -6 38 -39
14.870675 1329704127.002740 -6 38 -39
14.870675 1329704127.010790 -6 37 -39
14.912543 1329704127.019043 -6 37 -39
14.912543 1329704127.027539 -6 37 -39
14.954145 1329704127.036433 -6 37 -39
14.954145 1329704127.043702 -6 37 -39
14.995776 1329704127.052161 -6 37 -39
14.995776 1329704127.060217 -6 37 -39
15.037480 1329704127.068419 -6 37 -39
15.037480 1329704127.076920 -6 37 -39
15.070524 1329704127.085117 -6 37 -39
15.070524 1329704127.093765 -6 37 -39
15.112664 1329704127.101753 -6 37 -39
15.112664 1329704127.111274 -6 37 -39
15.153514 1329704127.117958 -7 37 -39
15.153514 1329704127.127714 -7 37 -39
15.196584 1329704127.134662 -7 37 -40
15.196584 1329704127.142498 -7 37 -39
15.237496 1329704127.151511 -7 37 -39
15.237496 1329704127.159224 -7 37 -39
15.278568 1329704127.167902 -7 37 -39
15.278568 1329704127.186921 -7 37 -39
15.312165 1329704127.193089 -7 37 -39
15.312165 1329704127.200769 -7 37 -39
15.353414 1329704127.211272 -7 37 -39
15.353414 1329704127.217691 -7 37 -39
15.395386 1329704127.227247 -7 37 -39
15.395386 1329704127.246910 -7 37 -39
15.437264 1329704127.251379 -7 37 -39
15.437264 1329704127.259073 -7 37 -39
15.476364 1329704127.267848 -7 37 -39
15.476364 1329704127.276019 -7 37 -39
15.516301 1329704127.284490 -8 37 -39
15.516301 1329704127.292832 -8 38 -39
15.553640 1329704127.301064 -8 37 -39
15.553640 1329704127.308805 -8 37 -39
15.595359 1329704127.328555 -9 37 -39
15.595359 1329704127.338783 -9 37 -39
15.636281 1329704127.342346 -9 37 -39
15.636281 1329704127.350857 -10 37 -39
15.678372 1329704127.359196 -11 37 -39
15.678372 1329704127.367202 -11 37 -39
15.711866 1329704127.375558 -12 37 -40
15.711866 1329704127.384154 -12 37 -40
15.753379 1329704127.392177 -13 37 -40
15.753379 1329704127.400633 -14 38 -40
15.795445 1329704127.410117 -14 38 -39
15.795445 1329704127.417275 -14 39 -39
15.836547 1329704127.425886 -15 39 -39
15.836547 1329704127.434311 -15 39 -38
15.882407 1329704127.443234 -15 40 -38
15.882407 1329704127.450733 -15 41 -37
15.911675 1329704127.461197 -16 42 -38
15.911675 1329704127.467218 -18 43 -39
15.952449 1329704127.477262 -20 44 -40
15.952449 1329704127.487854 -22 45 -42
15.995475 1329704127.492702 -23 46 -43
15.995475 1329704127.501448 -24 47 -44
16.035809 1329704127.510286 -25 47 -45
16.035809 1329704127.517822 -25 48 -45
16.077884 1329704127.526882 -26 47 -46
16.077884 1329704127.534555 -26 46 -45
16.111298 1329704127.543244 -25 45 -44
16.111298 1329704127.551664 -25 44 -43
16.152897 1329704127.574568 -25 42 -41
16.152897 1329704127.577014 -25 40 -39
16.200610 1329704127.585260 -25 38 -38
16.200610 1329704127.594118 -25 36 -37
16.236170 1329704127.602012 -26 33 -35
16.236170 1329704127.610396 -26 30 -34
16.271487 1329704127.618744 -27 27 -32
16.271487 1329704127.626876 -28 23 -30
16.311743 1329704127.635396 -28 19 -28
16.311743 1329704127.643710 -29 14 -25
16.353927 1329704127.652233 -30 9 -23
16.353927 1329704127.660905 -31 4 -20
16.396856 1329704127.669006 -32 -1 -17
16.396856 1329704127.679980 -33 -6 -13
16.436191 1329704127.694451 -35 -12 -10
16.436191 1329704127.706665 -36 -17 -6
16.477466 1329704127.722481 -38 -23 -2
16.477466 1329704127.736118 -41 -28 1
16.518134 1329704127.744264 -43 -32 6
16.518134 1329704127.752271 -46 -36 10
16.551237 1329704127.760648 -49 -40 13
16.551237 1329704127.768505 -52 -43 17
16.592689 1329704127.777334 -54 -46 21
16.592689 1329704127.785733 -57 -48 25
16.634810 1329704127.794310 -59 -49 28
16.634810 1329704127.802434 -60 -51 30
16.681831 1329704127.816274 -61 -51 31
16.681831 1329704127.821318 -61 -51 30
16.716778 1329704127.827304 -59 -51 29
16.716778 1329704127.835455 -57 -50 26
16.751786 1329704127.844469 -54 -48 22
16.751786 1329704127.852832 -51 -46 18
16.793434 1329704127.860215 -48 -43 14
16.793434 1329704127.868806 -45 -39 10
16.835391 1329704127.877505 -42 -35 6
16.835391 1329704127.885570 -40 -31 2
16.876940 1329704127.893882 -38 -26 -1
16.876940 1329704127.902272 -36 -21 -4
16.922104 1329704127.910284 -34 -17 -7
16.922104 1329704127.918500 -32 -12 -10
16.952402 1329704127.927490 -31 -7 -13
16.952402 1329704127.935364 -29 -3 -15
16.993968 1329704127.943938 -27 0 -18
16.993968 1329704127.957020 -25 4 -20
17.036838 1329704127.960413 -23 7 -21
17.036838 1329704127.968655 -22 10 -23
17.070856 1329704127.978168 -20 13 -24
17.070856 1329704127.985369 -18 15 -25
17.113937 1329704128.004749 -17 17 -26
17.113937 1329704128.010189 -15 19 -27
17.152114 1329704128.018065 -14 21 -27
17.152114 1329704128.026786 -13 22 -28
17.193873 1329704128.035310 -13 23 -29
17.193873 1329704128.043448 -12 24 -30
17.235250 1329704128.052149 -11 25 -30
17.235250 1329704128.060078 -11 25 -31
17.282777 1329704128.068109 -10 26 -32
17.282777 1329704128.079718 -10 27 -32
17.318532 1329704128.085044 -10 28 -33
17.318532 1329704128.093282 -9 28 -34
17.351755 1329704128.108846 -9 29 -34
17.351755 1329704128.111820 -9 30 -35
17.393608 1329704128.126124 -9 30 -35
17.393608 1329704128.129020 -9 31 -36
17.435298 1329704128.135146 -9 31 -36
17.435298 1329704128.143342 -9 32 -37
17.476397 1329704128.151845 -8 32 -37
17.476397 1329704128.160044 -8 33 -38
17.518554 1329704128.168176 -8 33 -38
17.518554 1329704128.176579 -7 34 -38
17.572579 1329704128.184935 -7 34 -39
17.572579 1329704128.193341 -7 35 -39
17.593644 1329704128.201572 -7 35 -39
17.593644 1329704128.210409 -6 35 -39
17.634856 1329704128.218041 -6 35 -39
17.634856 1329704128.226670 -6 35 -39
17.676420 1329704128.234944 -6 35 -39
17.676420 1329704128.243286 -6 35 -39
17.717963 1329704128.262161 -6 35 -39
17.717963 1329704128.268457 -7 35 -39
17.751684 1329704128.276264 -7 35 -39
17.751684 1329704128.285061 -7 34 -39
17.793077 1329704128.293291 -7 34 -39
17.793077 1329704128.301626 -7 34 -39
17.839527 1329704128.315972 -7 34 -39
17.839527 1329704128.321102 -7 35 -39
17.870076 1329704128.335709 -7 35 -39
17.870076 1329704128.347953 -7 35 -39
17.922090 1329704128.353314 -7 35 -39
17.922090 1329704128.359587 -7 35 -39
17.951392 1329704128.367867 -7 35 -39
17.951392 1329704128.376581 -7 35 -39
18.004324 1329704128.384491 -7 35 -39
18.004324 1329704128.393023 -7 35 -39
18.035462 1329704128.401292 -7 35 -39
18.035462 1329704128.409774 -7 35 -39
18.071728 1329704128.417687 -7 35 -39
18.071728 1329704128.427184 -7 35 -39
18.117810 1329704128.434530 -7 35 -39
18.117810 1329704128.443602 -7 35 -39
18.151221 1329704128.451401 -7 35 -39
18.151221 1329704128.459927 -7 35 -39
18.201874 1329704128.467727 -7 35 -39
18.201874 1329704128.476426 -7 35 -39
18.234407 1329704128.484540 -7 35 -39
18.234407 1329704128.493213 -7 35 -39
18.275931 1329704128.501100 -7 35 -39
18.275931 1329704128.509726 -7 35 -39
18.326001 1329704128.517558 -7 35 -39
18.326001 1329704128.526220 -7 35 -39
18.351616 1329704128.534594 -7 35 -38
18.351616 1329704128.543134 -6 35 -38
18.392821 1329704128.551129 -6 36 -38
18.392821 1329704128.559965 -6 36 -38
18.434159 1329704128.567903 -6 36 -38
18.434159 1329704128.576363 -6 37 -38
18.478578 1329704128.586334 -6 37 -38
18.478578 1329704128.599195 -6 37 -38
18.517701 1329704128.601729 -6 37 -38
18.517701 1329704128.609419 -6 37 -38
18.550790 1329704128.617437 -6 37 -38
18.550790 1329704128.626186 -6 38 -38
18.592428 1329704128.636699 -6 38 -38
18.592428 1329704128.642931 -6 37 -38
18.633872 1329704128.651111 -6 37 -38
18.633872 1329704128.659702 -6 37 -38
18.679872 1329704128.667361 -6 37 -38
18.679872 1329704128.676092 -6 37 -38
18.717251 1329704128.685041 -7 37 -37
18.717251 1329704128.692762 -7 37 -37
18.759084 1329704128.700886 -7 36 -37
18.759084 1329704128.709628 -7 37 -37
18.792165 1329704128.717675 -7 37 -37
18.792165 1329704128.726048 -7 37 -36
18.837882 1329704128.734559 -8 38 -34
18.837882 1329704128.742772 -8 38 -34
18.875185 1329704128.750987 -10 39 -34
18.875185 1329704128.763899 -12 40 -35
18.916994 1329704128.767797 -14 41 -36
18.916994 1329704128.776608 -15 42 -37
18.954705 1329704128.797665 -16 43 -38
18.954705 1329704128.800709 -17 44 -39
18.993428 1329704128.809302 -17 44 -40
18.993428 1329704128.819641 -18 44 -40
19.035616 1329704128.825861 -18 44 -40
19.035616 1329704128.834722 -18 44 -40
19.075080 1329704128.842534 -19 43 -40
19.075080 1329704128.850891 -19 42 -40
19.116548 1329704128.859715 -20 40 -39
19.116548 1329704128.867651 -21 38 -39
19.159139 1329704128.875482 -22 35 -38
19.159139 1329704128.884331 -23 32 -37
19.191978 1329704128.898814 -24 28 -36
19.191978 1329704128.913013 -25 22 -34
19.234272 1329704128.925535 -26 16 -32
19.234272 1329704128.939854 -27 10 -30
19.275694 1329704128.942332 -28 3 -27
19.275694 1329704128.950837 -30 -2 -24
19.317078 1329704128.960942 -31 -9 -21
19.317078 1329704128.984041 -33 -15 -17
19.357613 1329704128.992553 -34 -21 -14
19.357613 1329704129.001459 -36 -27 -9
19.399236 1329704129.008971 -38 -33 -5
19.399236 1329704129.017614 -41 -38 0
19.432370 1329704129.026243 -45 -43 4
19.432370 1329704129.034285 -49 -46 9
19.474793 1329704129.047829 -53 -48 13
19.474793 1329704129.050665 -56 -50 16
19.515447 1329704129.058654 -58 -50 17
19.515447 1329704129.067680 -59 -50 17
19.557166 1329704129.075646 -59 -50 16
19.557166 1329704129.084089 -58 -49 15
19.598219 1329704129.097661 -58 -48 13
19.598219 1329704129.102876 -56 -47 11
19.631472 1329704129.108678 -55 -45 9
19.631472 1329704129.117740 -53 -43 6
19.672862 1329704129.125741 -50 -41 4
19.672862 1329704129.134177 -48 -38 1
19.721254 1329704129.148770 -45 -35 -1
19.721254 1329704129.151707 -43 -32 -4
19.758108 1329704129.158757 -40 -28 -8
19.758108 1329704129.167460 -38 -23 -11
19.791482 1329704129.175471 -36 -19 -14
19.791482 1329704129.183947 -34 -14 -17
19.833101 1329704129.192230 -32 -10 -20
19.833101 1329704129.200289 -29 -5 -23
19.874245 1329704129.208813 -27 0 -26
19.874245 1329704129.217010 -25 3 -28
19.916906 1329704129.225625 -23 7 -30
19.916906 1329704129.233620 -22 11 -32
19.954968 1329704129.242089 -20 15 -34
19.954968 1329704129.250078 -19 18 -35
19.991537 1329704129.258205 -17 21 -36
19.991537 1329704129.266865 -16 23 -37
20.030610 1329704129.275376 -15 25 -38
20.030610 1329704129.283666 -14 27 -39
20.078946 1329704129.291863 -13 28 -40
20.078946 1329704129.300173 -12 30 -41
20.115371 1329704129.308409 -12 31 -42
20.115371 1329704129.316833 -12 33 -43
20.157563 1329704129.331476 -12 34 -44
20.157563 1329704129.333501 -12 36 -45
20.190729 1329704129.349665 -13 37 -46
20.190729 1329704129.360724 -13 39 -47
20.232468 1329704129.368738 -14 40 -47
20.232468 1329704129.375124 -14 40 -48
20.276239 1329704129.383581 -14 41 -48
20.276239 1329704129.391463 -15 41 -48
20.318012 1329704129.400157 -15 41 -47
20.318012 1329704129.408384 -15 40 -47
20.358343 1329704129.417000 -15 40 -47
20.358343 1329704129.425260 -15 39 -46
20.403668 1329704129.433818 -15 39 -46
20.403668 1329704129.441500 -15 38 -46
20.432797 1329704129.450483 -15 38 -45
20.432797 1329704129.458549 -15 38 -45
20.474074 1329704129.467028 -14 37 -45
20.474074 1329704129.475438 -14 37 -45
20.515218 1329704129.483832 -14 37 -45
20.515218 1329704129.491916 -14 38 -46
20.552618 1329704129.500433 -14 38 -46
20.552618 1329704129.508652 -14 39 -46
20.590737 1329704129.516970 -14 39 -46
20.590737 1329704129.525436 -14 40 -46
20.632003 1329704129.533697 -14 40 -46
20.632003 1329704129.541778 -14 41 -47
20.673471 1329704129.550528 -14 41 -47
20.673471 1329704129.558641 -14 41 -47
20.715260 1329704129.567074 -13 42 -47
20.715260 1329704129.575468 -13 42 -47
20.756825 1329704129.584157 -13 42 -48
20.756825 1329704129.592395 -13 43 -48
20.798947 1329704129.600532 -13 43 -48
20.798947 1329704129.609004 -13 43 -48
20.832036 1329704129.617401 -13 44 -48
20.832036 1329704129.626444 -13 44 -48
20.875015 1329704129.634306 -13 44 -48
20.875015 1329704129.642295 -13 44 -48
20.914867 1329704129.650891 -13 44 -48
20.914867 1329704129.665414 -13 45 -48
20.956743 1329704129.668672 -14 45 -48
20.956743 1329704129.675442 -14 45 -48
21.009091 1329704129.684049 -14 45 -48
21.009091 1329704129.692135 -14 45 -48
21.032402 1329704129.700646 -15 45 -48
21.032402 1329704129.710170 -15 45 -49
21.073373 1329704129.742500 -15 45 -49
21.073373 1329704129.754685 -16 46 -49
21.114826 1329704129.768803 -16 46 -50
21.114826 1329704129.782590 -16 47 -50
21.156319 1329704129.785214 -17 48 -50
21.156319 1329704129.791457 -17 49 -50
21.197922 1329704129.799621 -17 50 -50
21.197922 1329704129.808351 -17 51 -50
21.241303 1329704129.816450 -18 51 -49
21.241303 1329704129.824378 -20 52 -49
21.277216 1329704129.832863 -22 52 -49
21.277216 1329704129.841139 -26 52 -50
21.314086 1329704129.848944 -30 52 -52
21.314086 1329704129.857125 -32 50 -53
21.356034 1329704129.867451 -34 46 -51
21.356034 1329704129.873799 -34 40 -47
21.397723 1329704129.883394 -33 34 -43
21.397723 1329704129.890641 -32 28 -38
21.432051 1329704129.905793 -30 22 -34
21.432051 1329704129.927075 -29 16 -30
21.472638 1329704129.937666 -27 10 -27
21.472638 1329704129.940057 -26 4 -24
21.514330 1329704129.949520 -26 -2 -21
21.514330 1329704129.956880 -26 -8 -18
21.555361 1329704129.965095 -26 -13 -16
21.555361 1329704129.973425 -27 -17 -14
21.590336 1329704129.981575 -28 -20 -12
21.590336 1329704129.990377 -28 -22 -11
21.632092 1329704129.998817 -29 -24 -10
21.632092 1329704130.006769 -31 -26 -9
21.671247 1329704130.015288 -32 -27 -8
21.671247 1329704130.023638 -33 -27 -8
21.713033 1329704130.031644 -34 -27 -7
21.713033 1329704130.041309 -34 -27 -8
21.754475 1329704130.048619 -34 -26 -8
21.754475 1329704130.056967 -34 -25 -9
21.796549 1329704130.065679 -34 -23 -10
21.796549 1329704130.073702 -33 -21 -11
21.838231 1329704130.085619 -32 -19 -13
21.838231 1329704130.091520 -32 -17 -14
21.871773 1329704130.099587 -31 -14 -16
21.871773 1329704130.107488 -30 -11 -17
21.913381 1329704130.116238 -29 -8 -19
21.913381 1329704130.129402 -28 -5 -21
21.955090 1329704130.142916 -27 -1 -22
21.955090 1329704130.156568 -26 1 -24
21.999102 1329704130.158569 -25 4 -26
21.999102 1329704130.165299 -24 7 -28
22.030376 1329704130.174494 -23 10 -30
22.030376 1329704130.182781 -23 13 -31
22.072109 1329704130.190504 -22 15 -33
22.072109 1329704130.199756 -21 18 -35
22.118024 1329704130.207606 -21 21 -36
22.118024 1329704130.220674 -20 23 -38
22.155522 1329704130.224410 -20 24 -39
22.155522 1329704130.232558 -20 26 -41
22.197252 1329704130.242373 -19 27 -42
22.197252 1329704130.257268 -19 29 -43
22.239456 1329704130.277703 -19 30 -45
22.239456 1329704130.282942 -18 31 -46
22.272060 1329704130.291388 -18 32 -47
22.272060 1329704130.299302 -18 33 -48
22.313806 1329704130.307462 -17 34 -49
22.313806 1329704130.315779 -17 35 -50
22.357067 1329704130.324282 -17 36 -51
22.357067 1329704130.333596 -16 37 -51
22.396647 1329704130.341255 -16 37 -52
22.396647 1329704130.351577 -16 38 -53
22.438835 1329704130.357716 -16 39 -53
22.438835 1329704130.366611 -16 40 -54
22.478101 1329704130.374379 -16 40 -55
22.478101 1329704130.383137 -16 41 -56
22.524471 1329704130.391387 -16 42 -56
22.524471 1329704130.399723 -16 43 -57
22.555155 1329704130.407706 -15 43 -57
22.555155 1329704130.416246 -15 44 -57
22.596683 1329704130.430812 -15 44 -58
22.596683 1329704130.433822 -15 45 -58
22.638530 1329704130.441363 -15 45 -58
22.638530 1329704130.449619 -15 45 -59
22.671263 1329704130.457597 -15 45 -59
22.671263 1329704130.466238 -15 45 -59
22.713209 1329704130.474503 -15 45 -59
22.713209 1329704130.482717 -15 45 -59
22.756942 1329704130.491439 -15 45 -59
22.756942 1329704130.499446 -15 45 -60
22.796196 1329704130.507560 -15 46 -60
22.796196 1329704130.515897 -15 46 -60
22.838132 1329704130.524619 -15 46 -60
22.838132 1329704130.543711 -15 46 -60
22.871358 1329704130.549542 -15 46 -60
22.871358 1329704130.557816 -15 46 -60
22.912984 1329704130.566120 -15 46 -60
22.912984 1329704130.574488 -15 46 -60
22.954792 1329704130.582641 -15 46 -60
22.954792 1329704130.596756 -15 46 -61
22.996256 1329704130.620292 -15 46 -61
22.996256 1329704130.634465 -15 46 -61
23.033894 1329704130.636963 -15 45 -61
23.033894 1329704130.641064 -15 45 -61
23.071925 1329704130.649399 -15 45 -61
23.071925 1329704130.657581 -15 45 -61
23.113000 1329704130.666032 -15 45 -61
23.113000 1329704130.674122 -15 45 -61
23.154340 1329704130.682555 -15 45 -61
23.154340 1329704130.690915 -15 45 -61
23.196236 1329704130.699265 -15 45 -61
23.196236 1329704130.707659 -15 45 -61
23.238050 1329704130.716152 -15 45 -61
23.238050 1329704130.724316 -15 45 -61
23.280872 1329704130.732651 -15 45 -61
23.280872 1329704130.741062 -15 45 -61
23.312479 1329704130.749127 -15 45 -61
23.312479 1329704130.757368 -14 45 -61
23.354116 1329704130.765923 -14 45 -61
23.354116 1329704130.774110 -14 45 -61
23.396181 1329704130.782435 -14 45 -61
23.396181 1329704130.791005 -14 45 -61
23.437579 1329704130.799845 -14 45 -61
23.437579 1329704130.807415 -14 45 -61
23.472822 1329704130.816420 -15 45 -61
23.472822 1329704130.824319 -15 45 -61
23.515561 1329704130.832079 -15 45 -62
23.515561 1329704130.840963 -15 46 -62
23.568953 1329704130.850404 -15 46 -62
23.568953 1329704130.857051 -16 46 -62
23.595615 1329704130.869848 -16 46 -63
23.595615 1329704130.873993 -17 46 -63
23.641916 1329704130.882521 -17 46 -64
23.641916 1329704130.890903 -18 46 -64
23.677244 1329704130.899174 -18 46 -64
23.677244 1329704130.906657 -18 46 -65
23.713575 1329704130.923548 -19 46 -65
23.713575 1329704130.926246 -19 46 -66
23.759900 1329704130.938446 -19 46 -66
23.759900 1329704130.941101 -20 46 -66
23.795767 1329704130.949027 -19 47 -66
23.795767 1329704130.956665 -19 47 -65
23.837304 1329704130.965660 -19 47 -65
23.837304 1329704130.974041 -19 48 -65
23.874620 1329704130.982027 -18 48 -64
23.874620 1329704130.990688 -18 49 -63
23.924181 1329704131.003157 -18 50 -63
23.924181 1329704131.008779 -18 52 -63
23.953014 1329704131.030463 -20 53 -64
23.953014 1329704131.033206 -23 54 -66
24.000280 1329704131.040478 -26 55 -69
24.000280 1329704131.048981 -29 56 -71
24.038575 1329704131.057274 -31 56 -73
24.038575 1329704131.065372 -31 56 -74
24.078287 1329704131.073911 -32 56 -74
24.078287 1329704131.084102 -31 55 -74
24.118215 1329704131.090628 -31 54 -73
24.118215 1329704131.099046 -30 53 -72
24.163266 1329704131.107030 -30 52 -71
24.163266 1329704131.115274 -30 51 -69
24.194738 1329704131.123817 -30 50 -68
24.194738 1329704131.143194 -30 48 -67
24.236840 1329704131.149037 -30 47 -66
24.236840 1329704131.157352 -30 45 -65
24.278559 1329704131.165546 -30 43 -64
24.278559 1329704131.173832 -29 40 -62
24.311872 1329704131.182191 -29 36 -59
24.311872 1329704131.190399 -29 31 -57
24.353759 1329704131.198434 -29 26 -54
24.353759 1329704131.207102 -30 20 -52
24.395829 1329704131.215519 -31 14 -49
24.395829 1329704131.223510 -32 8 -46
24.437650 1329704131.231802 -33 2 -42
24.437650 1329704131.240377 -34 -3 -39
24.478790 1329704131.259515 -35 -9 -35
24.478790 1329704131.265235 -36 -15 -31
24.511052 1329704131.273575 -38 -20 -26
24.511052 1329704131.282117 -40 -25 -22
24.557519 1329704131.290330 -43 -30 -17
24.557519 1329704131.298659 -46 -34 -13
24.593451 1329704131.313693 -48 -37 -9
24.593451 1329704131.316223 -51 -39 -6
24.635023 1329704131.323460 -54 -40 -3
24.635023 1329704131.331726 -55 -41 -2
24.676643 1329704131.339967 -56 -41 -1
24.676643 1329704131.348635 -57 -41 -1
24.717952 1329704131.356781 -57 -40 -2
24.717952 1329704131.372447 -57 -39 -3
24.751651 1329704131.375144 -56 -38 -4
24.751651 1329704131.381757 -55 -37 -5
24.793126 1329704131.389911 -54 -36 -7
24.793126 1329704131.398518 -53 -35 -8
24.837037 1329704131.406292 -52 -34 -10
24.837037 1329704131.414978 -50 -32 -12
24.885828 1329704131.423455 -49 -30 -13
24.885828 1329704131.431882 -47 -29 -15
24.910884 1329704131.440020 -45 -27 -17
24.910884 1329704131.448594 -44 -25 -19
24.955900 1329704131.456434 -42 -23 -21
24.955900 1329704131.465172 -41 -20 -23
25.002711 1329704131.485209 -40 -18 -26
25.002711 1329704131.489946 -38 -16 -28
25.040173 1329704131.498500 -37 -13 -29
25.040173 1329704131.506586 -35 -11 -31
25.077777 1329704131.515209 -34 -8 -33
25.077777 1329704131.523378 -32 -5 -35
25.111357 1329704131.547904 -30 -3 -37
25.111357 1329704131.562717 -29 0 -39
25.152657 1329704131.565409 -27 2 -41
25.152657 1329704131.573029 -26 5 -43
25.195331 1329704131.581366 -24 8 -44
25.195331 1329704131.589901 -23 11 -46
25.236753 1329704131.598668 -22 14 -48
25.236753 1329704131.606743 -21 17 -49
25.278298 1329704131.615402 -20 19 -51
25.278298 1329704131.623143 -19 22 -52
25.312142 1329704131.631478 -19 25 -53
25.312142 1329704131.639619 -18 27 -54
25.352469 1329704131.648074 -18 29 -55
25.352469 1329704131.660774 -18 31 -56
25.394278 1329704131.675123 -17 33 -57
25.394278 1329704131.698494 -17 34 -57
25.435385 1329704131.712837 -17 35 -58
25.435385 1329704131.715551 -17 36 -59
25.477600 1329704131.723124 -17 37 -59
25.477600 1329704131.731702 -17 38 -59
25.515365 1329704131.739952 -16 39 -60
25.515365 1329704131.748229 -16 39 -60
25.563620 1329704131.756646 -16 39 -61
25.563620 1329704131.764555 -16 39 -62
25.593863 1329704131.773161 -16 39 -62
25.593863 1329704131.781427 -16 40 -63
25.637562 1329704131.789904 -16 40 -63
25.637562 1329704131.798057 -16 40 -64
25.679013 1329704131.806692 -16 39 -64
25.679013 1329704131.814528 -16 40 -65
25.726591 1329704131.823239 -16 40 -65
25.726591 1329704131.831231 -16 40 -65
25.753433 1329704131.839754 -15 40 -66
25.753433 1329704131.847747 -15 41 -66
25.793661 1329704131.856556 -15 41 -66
25.793661 1329704131.864461 -14 41 -66
25.835259 1329704131.872807 -14 42 -66
25.835259 1329704131.883054 -14 42 -66
25.876969 1329704131.897935 -13 43 -67
25.876969 1329704131.909921 -13 44 -67
25.910696 1329704131.915847 -12 44 -67
25.910696 1329704131.922493 -12 45 -66
25.951421 1329704131.931045 -11 45 -66
25.951421 1329704131.942934 -11 45 -66
25.996763 1329704131.948165 -11 45 -65
25.996763 1329704131.956001 -10 45 -65
26.034991 1329704131.964350 -10 45 -64
26.034991 1329704131.972443 -10 45 -64
26.077082 1329704131.980947 -10 46 -64
26.077082 1329704131.990477 -11 46 -64
26.113340 1329704131.997802 -11 46 -63
26.113340 1329704132.012844 -10 47 -63
26.151652 1329704132.015611 -10 47 -63
26.151652 1329704132.022468 -10 47 -62
26.193502 1329704132.030824 -10 47 -62
26.193502 1329704132.039298 -10 47 -62
26.236035 1329704132.047376 -10 47 -62
26.236035 1329704132.056270 -10 47 -61
26.282832 1329704132.064545 -10 47 -61
26.282832 1329704132.072862 -10 47 -61
26.311072 1329704132.081031 -11 47 -60
26.311072 1329704132.089904 -11 47 -60
26.352072 1329704132.097636 -11 47 -60
26.352072 1329704132.111933 -11 47 -60
26.394220 1329704132.115099 -11 47 -60
26.394220 1329704132.123083 -11 46 -59
26.435148 1329704132.131396 -12 46 -59
26.435148 1329704132.139827 -12 46 -59
26.476410 1329704132.148064 -13 46 -59
26.476410 1329704132.156589 -14 46 -60
26.519077 1329704132.165155 -14 46 -60
26.519077 1329704132.173511 -15 46 -60
26.554636 1329704132.181744 -16 46 -60
26.554636 1329704132.189895 -16 47 -60
26.596737 1329704132.198061 -17 47 -60
26.596737 1329704132.218384 -18 48 -59
26.634396 1329704132.224069 -19 49 -59
26.634396 1329704132.231623 -19 51 -59
26.675826 1329704132.240412 -20 52 -58
26.675826 1329704132.248153 -20 53 -57
26.717534 1329704132.256508 -20 54 -57
26.717534 1329704132.274310 -20 56 -56
26.752315 1329704132.296510 -21 57 -57
26.752315 1329704132.299464 -23 57 -58
26.792333 1329704132.306571 -25 58 -60
26.792333 1329704132.314508 -27 59 -62
26.833855 1329704132.322737 -29 59 -65
26.833855 1329704132.331295 -30 60 -66
26.875833 1329704132.342954 -32 60 -68
26.875833 1329704132.347847 -33 60 -69
26.917427 1329704132.356225 -33 59 -70
26.917427 1329704132.364427 -33 59 -69
26.950560 1329704132.372386 -32 57 -67
26.950560 1329704132.380899 -32 56 -66
26.992185 1329704132.389267 -31 54 -64
26.992185 1329704132.397673 -30 52 -62
27.033442 1329704132.405787 -30 50 -60
27.033442 1329704132.415765 -29 47 -59
27.075637 1329704132.428276 -30 44 -57
27.075637 1329704132.431479 -30 41 -56
27.117844 1329704132.442210 -30 37 -54
27.117844 1329704132.447006 -31 32 -52
27.150593 1329704132.455050 -31 27 -49
27.150593 1329704132.463058 -32 21 -47
27.202981 1329704132.471287 -33 16 -44
27.202981 1329704132.479808 -34 10 -41
27.233900 1329704132.488037 -35 4 -37
27.233900 1329704132.495994 -36 -1 -33
27.279894 1329704132.506118 -38 -7 -29
27.279894 1329704132.512856 -39 -13 -25
27.324220 1329704132.520767 -41 -18 -21
27.324220 1329704132.529363 -43 -23 -17
27.357939 1329704132.537553 -45 -28 -13
27.357939 1329704132.548002 -47 -32 -9
27.390744 1329704132.553958 -50 -35 -5
27.390744 1329704132.562274 -53 -38 -1
27.432562 1329704132.570590 -55 -41 1
27.432562 1329704132.579086 -57 -42 4
27.474805 1329704132.587262 -59 -43 6
27.474805 1329704132.597702 -60 -44 6
27.512629 1329704132.604067 -60 -44 6
27.512629 1329704132.612087 -59 -43 5
27.557690 1329704132.620413 -58 -42 3
27.557690 1329704132.628915 -56 -41 0
27.590867 1329704132.637144 -54 -39 -2
27.590867 1329704132.645565 -51 -36 -5
27.632576 1329704132.654189 -48 -34 -8
27.632576 1329704132.662149 -46 -31 -12
27.674143 1329704132.670656 -43 -27 -15
27.674143 1329704132.679008 -41 -24 -18
27.721503 1329704132.687260 -38 -21 -21
27.721503 1329704132.695491 -36 -17 -24
27.758034 1329704132.704151 -33 -14 -26
27.758034 1329704132.712042 -31 -10 -29
27.791727 1329704132.720849 -29 -7 -31
27.791727 1329704132.729094 -27 -4 -33
27.834450 1329704132.737404 -25 -2 -35
27.834450 1329704132.745554 -23 0 -36
27.874756 1329704132.759985 -22 2 -38
27.874756 1329704132.761976 -21 4 -39
27.916594 1329704132.771404 -19 7 -41
27.916594 1329704132.784798 -18 9 -42
27.958289 1329704132.788390 -17 11 -43
27.958289 1329704132.795805 -16 13 -45
28.000325 1329704132.812551 -15 15 -46
28.000325 1329704132.813820 -14 17 -47
28.032980 1329704132.821086 -13 19 -48
28.032980 1329704132.829488 -12 21 -49
28.078810 1329704132.839629 -12 22 -50
28.078810 1329704132.846902 -11 24 -51
28.116837 1329704132.854806 -10 25 -52
28.116837 1329704132.866067 -9 26 -53
28.158284 1329704132.872108 -8 26 -53
28.158284 1329704132.880669 -7 27 -54
28.203165 1329704132.888791 -7 28 -55
28.203165 1329704132.897247 -6 28 -56
28.232876 1329704132.905064 -5 28 -56
28.232876 1329704132.921961 -5 29 -57
28.274821 1329704132.930448 -5 29 -57
28.274821 1329704132.938916 -4 29 -58
28.316581 1329704132.947172 -4 29 -58
28.316581 1329704132.955222 -4 29 -58
28.357708 1329704132.963423 -4 29 -58
28.357708 1329704132.971884 -4 29 -59
28.395993 1329704132.980193 -4 28 -59
28.395993 1329704132.988773 -4 28 -59
28.432467 1329704132.997431 -4 27 -59
28.432467 1329704133.005736 -4 26 -59
28.474734 1329704133.014034 -3 26 -59
28.474734 1329704133.022305 -3 25 -59
28.516031 1329704133.039144 -3 25 -59
28.516031 1329704133.055175 -3 24 -59
28.557784 1329704133.077722 -3 24 -59
28.557784 1329704133.080940 -3 24 -59
28.597589 1329704133.088881 -3 24 -59
28.597589 1329704133.097438 -3 24 -59
28.632685 1329704133.106127 -3 24 -59
28.632685 1329704133.125195 -3 24 -59
28.674512 1329704133.131148 -3 24 -59
28.674512 1329704133.139604 -3 24 -59
28.717349 1329704133.147395 -3 24 -59
28.717349 1329704133.156488 -3 24 -59
28.763658 1329704133.164385 -3 24 -59
28.763658 1329704133.172595 -3 24 -59
28.791100 1329704133.180280 -3 24 -59
28.791100 1329704133.189247 -3 24 -59
28.832623 1329704133.197119 -3 23 -58
28.832623 1329704133.205524 -3 23 -58
28.878089 1329704133.214007 -3 23 -58
28.878089 1329704133.222170 -3 23 -58
28.915492 1329704133.230546 -3 23 -58
28.915492 1329704133.238859 -3 23 -58
28.955866 1329704133.247397 -3 23 -58
28.955866 1329704133.255387 -3 23 -58
28.992779 1329704133.263702 -3 23 -58
28.992779 1329704133.272140 -3 25 -58
29.031086 1329704133.288981 -2 26 -58
29.031086 1329704133.302117 -2 28 -58
29.073722 1329704133.333598 -2 29 -58
29.073722 1329704133.346091 -3 31 -58
29.110856 1329704133.348729 -3 32 -58
29.110856 1329704133.363548 -3 33 -58
29.157508 1329704133.377565 -3 34 -58
29.157508 1329704133.380657 -4 35 -58
29.190841 1329704133.387891 -4 36 -59
29.190841 1329704133.398841 -4 36 -59
29.232246 1329704133.405963 -5 37 -59
29.232246 1329704133.413404 -5 37 -59
29.275099 1329704133.422383 -5 38 -59
29.275099 1329704133.430105 -6 39 -59
29.315012 1329704133.446522 -6 40 -60
29.315012 1329704133.461562 -6 41 -59
29.351711 1329704133.475709 -6 42 -59
29.351711 1329704133.497273 -6 44 -59
29.390558 1329704133.505112 -5 46 -58
29.390558 1329704133.513278 -5 48 -58
29.431647 1329704133.521943 -4 50 -57
29.431647 1329704133.541504 -5 52 -56
29.473660 1329704133.546648 -6 54 -57
29.473660 1329704133.555230 -8 55 -58
29.514654 1329704133.563035 -10 56 -59
29.514654 1329704133.571768 -11 57 -60
29.556528 1329704133.579708 -12 57 -61
29.556528 1329704133.587683 -12 57 -61
29.599902 1329704133.596581 -13 57 -60
29.599902 1329704133.604971 -12 56 -60
29.630878 1329704133.613107 -12 55 -59
29.630878 1329704133.621724 -12 53 -58
29.679130 1329704133.629701 -12 51 -57
29.679130 1329704133.638501 -13 48 -56
29.725217 1329704133.649285 -13 45 -55
29.725217 1329704133.663797 -14 42 -55
29.752194 1329704133.675908 -16 39 -54
29.752194 1329704133.681801 -17 35 -53
29.801952 1329704133.689637 -18 30 -52
29.801952 1329704133.695942 -19 25 -51
29.831452 1329704133.704982 -21 19 -49
29.831452 1329704133.723517 -22 13 -47
29.872799 1329704133.737982 -24 7 -45
29.872799 1329704133.755415 -26 1 -43
29.914395 1329704133.762923 -27 -5 -40
29.914395 1329704133.771179 -29 -11 -37
29.956224 1329704133.779943 -32 -17 -33
29.956224 1329704133.791757 -34 -23 -29
29.991063 1329704133.795940 -36 -29 -25
29.991063 1329704133.804562 -39 -34 -20
30.038256 1329704133.813140 -43 -40 -15
30.038256 1329704133.820599 -47 -45 -9
30.071643 1329704133.829737 -52 -49 -3
30.071643 1329704133.837825 -56 -52 2
30.113644 1329704133.845909 -60 -53 6
30.113644 1329704133.854682 -62 -55 9
30.155274 1329704133.862843 -64 -55 11
30.155274 1329704133.870686 -64 -55 10
30.196667 1329704133.879640 -62 -54 8
30.196667 1329704133.887953 -60 -53 5
30.234387 1329704133.900104 -57 -52 2
30.234387 1329704133.904426 -54 -50 -1
30.271634 1329704133.912879 -51 -48 -5
30.271634 1329704133.920632 -47 -45 -9
30.312710 1329704133.929360 -44 -42 -14
30.312710 1329704133.939545 -40 -39 -18
30.355196 1329704133.945682 -37 -35 -22
30.355196 1329704133.954355 -34 -30 -26
30.397151 1329704133.962795 -31 -26 -30
30.397151 1329704133.970592 -28 -21 -33
30.430311 1329704133.979446 -26 -17 -36
30.430311 1329704133.987853 -24 -12 -39
30.472520 1329704133.995749 -22 -8 -41
30.472520 1329704134.004190 -19 -4 -44
30.513582 1329704134.012746 -18 0 -46
30.513582 1329704134.020577 -16 3 -48
30.558564 1329704134.029272 -14 6 -49
30.558564 1329704134.038963 -13 9 -51
30.597535 1329704134.045659 -12 12 -52
30.597535 1329704134.054302 -11 14 -53
30.630803 1329704134.062873 -10 16 -54
30.630803 1329704134.070832 -9 17 -55
30.677430 1329704134.079398 -9 18 -56
30.677430 1329704134.088845 -9 19 -56
30.713544 1329704134.095863 -8 20 -57
30.713544 1329704134.104509 -8 20 -57
30.756028 1329704134.112773 -7 20 -58
30.756028 1329704134.121380 -7 21 -58
30.797265 1329704134.129392 -7 21 -59
30.797265 1329704134.139587 -6 21 -60
30.830564 1329704134.145851 -6 21 -60
30.830564 1329704134.154408 -5 21 -60
30.872005 1329704134.162813 -5 21 -61
30.872005 1329704134.170868 -5 21 -61
30.923914 1329704134.179383 -5 21 -62
30.923914 1329704134.187713 -4 21 -62
30.951597 1329704134.195579 -4 21 -62
30.951597 1329704134.204169 -4 21 -62
31.002734 1329704134.212715 -4 21 -62
31.002734 1329704134.220415 -4 21 -62
31.031294 1329704134.229261 -4 21 -62
31.031294 1329704134.239373 -4 20 -62
31.074477 1329704134.253815 -4 20 -63
31.074477 1329704134.268091 -4 20 -63
31.114063 1329704134.270994 -4 20 -63
31.114063 1329704134.278466 -4 20 -63
31.155306 1329704134.289385 -4 20 -63
31.155306 1329704134.295750 -4 20 -63
31.197365 1329704134.306793 -4 20 -63
31.197365 1329704134.312389 -4 20 -63
31.230618 1329704134.320882 -4 20 -63
31.230618 1329704134.328623 -4 19 -63
31.279146 1329704134.337497 -4 19 -63
31.279146 1329704134.345748 -4 19 -63
31.313805 1329704134.353841 -4 20 -63
31.313805 1329704134.362464 -4 20 -63
31.355448 1329704134.370773 -4 20 -63
31.355448 1329704134.378448 -4 20 -63
31.397201 1329704134.387294 -4 20 -63
31.397201 1329704134.395969 -4 20 -63
31.437917 1329704134.403718 -4 20 -63
31.437917 1329704134.418610 -4 20 -63
31.472087 1329704134.421284 -4 20 -63
31.472087 1329704134.428849 -4 20 -63
31.513425 1329704134.437967 -4 20 -63
31.513425 1329704134.445666 -4 20 -63
31.555269 1329704134.454489 -4 20 -63
31.555269 1329704134.462207 -4 20 -63
31.596804 1329704134.471603 -4 20 -63
31.596804 1329704134.478670 -4 20 -63
31.637945 1329704134.487166 -4 20 -63
31.637945 1329704134.495797 -4 20 -63
31.671531 1329704134.503517 -4 20 -63
31.671531 1329704134.519090 -4 21 -63
31.713499 1329704134.522479 -4 21 -64
31.713499 1329704134.528730 -3 21 -64
31.755244 1329704134.537014 -3 22 -64
31.755244 1329704134.545580 -3 22 -64
31.806943 1329704134.553553 -3 22 -64
31.806943 1329704134.561732 -3 23 -64
31.830315 1329704134.570173 -3 23 -64
31.830315 1329704134.578641 -3 23 -64
31.874891 1329704134.586957 -3 24 -64
31.874891 1329704134.595141 -4 25 -64
31.913291 1329704134.603779 -4 26 -64
31.913291 1329704134.611759 -4 28 -64
31.954199 1329704134.622522 -5 30 -65
31.954199 1329704134.628465 -6 32 -65
31.996490 1329704134.637148 -7 34 -66
31.996490 1329704134.645282 -8 36 -66
32.038140 1329704134.653502 -9 39 -67
32.038140 1329704134.661944 -10 41 -67
32.070974 1329704134.672459 -11 43 -68
32.070974 1329704134.678500 -11 45 -67
32.119159 1329704134.686852 -11 47 -67
32.119159 1329704134.695450 -11 49 -66
32.164989 1329704134.703889 -10 52 -65
32.164989 1329704134.712318 -9 54 -65
32.190830 1329704134.720569 -9 56 -64
32.190830 1329704134.729100 -8 58 -63
32.235717 1329704134.737028 -8 60 -64
32.235717 1329704134.745987 -9 61 -65
32.270499 1329704134.754499 -10 63 -66
32.270499 1329704134.762917 -11 64 -67
32.311576 1329704134.782825 -12 65 -69
32.311576 1329704134.788903 -13 65 -70
32.353717 1329704134.796063 -13 64 -70
32.353717 1329704134.804403 -13 64 -69
32.394145 1329704134.813426 -11 62 -68
32.394145 1329704134.821151 -10 60 -67
32.430466 1329704134.829367 -9 57 -65
32.430466 1329704134.837421 -9 55 -64
32.470340 1329704134.845921 -9 51 -62
32.470340 1329704134.854299 -10 48 -61
32.510813 1329704134.862767 -11 45 -61
32.510813 1329704134.871180 -14 41 -60
32.553824 1329704134.879640 -16 37 -59
32.553824 1329704134.887576 -18 32 -58
32.595460 1329704134.896064 -21 27 -56
32.595460 1329704134.904291 -24 22 -54
32.636938 1329704134.912774 -26 16 -52
32.636938 1329704134.922772 -29 10 -49
32.678697 1329704134.929669 -31 4 -45
32.678697 1329704134.937090 -33 -1 -42
32.711622 1329704134.945713 -35 -7 -38
32.711622 1329704134.954071 -37 -13 -34
32.752815 1329704134.965757 -38 -19 -30
32.752815 1329704134.970598 -40 -24 -25
32.794750 1329704134.978924 -43 -30 -20
32.794750 1329704134.986961 -45 -35 -15
32.835966 1329704134.995197 -48 -40 -9
32.835966 1329704135.003063 -51 -44 -4
32.873523 1329704135.011813 -54 -47 0
32.873523 1329704135.019832 -56 -49 1
32.911341 1329704135.028148 -57 -50 2
32.911341 1329704135.036657 -57 -50 1
32.951919 1329704135.044759 -56 -49 0
32.951919 1329704135.052848 -54 -48 -2
32.995012 1329704135.061499 -52 -47 -5
32.995012 1329704135.079210 -51 -45 -8
33.031541 1329704135.086167 -49 -43 -11
33.031541 1329704135.094247 -46 -41 -15
33.080861 1329704135.102697 -44 -38 -19
33.080861 1329704135.110232 -42 -36 -22
33.111133 1329704135.118457 -39 -33 -25
33.111133 1329704135.129184 -36 -30 -29
33.152090 1329704135.142098 -33 -27 -32
33.152090 1329704135.143040 -30 -24 -36
33.194671 1329704135.151459 -27 -21 -39
33.194671 1329704135.159813 -25 -17 -42
33.241585 1329704135.168399 -22 -14 -44
33.241585 1329704135.176617 -20 -10 -47
33.278211 1329704135.185401 -18 -7 -49
33.278211 1329704135.193092 -17 -4 -51
33.311041 1329704135.202502 -16 -1 -52
33.311041 1329704135.209851 -15 0 -54
33.353235 1329704135.218235 -15 2 -55
33.353235 1329704135.226578 -14 4 -56
33.394761 1329704135.234862 -13 6 -57
33.394761 1329704135.243122 -12 7 -58
33.441648 1329704135.251464 -11 9 -59
33.441648 1329704135.259854 -10 10 -60
33.474155 1329704135.267987 -10 11 -61
33.474155 1329704135.276427 -9 12 -61
33.511338 1329704135.284829 -9 13 -62
33.511338 1329704135.293000 -9 14 -63
33.561589 1329704135.301670 -9 14 -63
33.561589 1329704135.309680 -9 14 -64
33.594896 1329704135.318181 -9 15 -65
33.594896 1329704135.326737 -9 15 -65
33.636345 1329704135.336462 -9 16 -66
33.636345 1329704135.343165 -9 16 -66
33.673936 1329704135.357729 -8 16 -67
33.673936 1329704135.359774 -8 17 -67
33.714185 1329704135.368616 -8 17 -67
33.714185 1329704135.380429 -7 17 -68
33.760129 1329704135.387858 -7 17 -68
33.760129 1329704135.394485 -7 17 -68
33.794684 1329704135.402453 -6 17 -68
33.794684 1329704135.411104 -6 17 -69
33.831110 1329704135.419474 -6 17 -69
33.831110 1329704135.427942 -5 17 -69
33.879399 1329704135.448258 -5 16 -69
33.879399 1329704135.452604 -5 16 -69
33.923641 1329704135.461384 -5 16 -69
33.923641 1329704135.469803 -4 16 -70
33.952921 1329704135.478223 -4 16 -70
33.952921 1329704135.486361 -5 16 -70
33.994682 1329704135.494520 -5 16 -70
33.994682 1329704135.503088 -5 17 -70
34.036211 1329704135.511128 -5 17 -70
34.036211 1329704135.519613 -5 17 -70
34.077903 1329704135.528350 -5 17 -70
34.077903 1329704135.536916 -5 17 -70
34.111215 1329704135.545071 -5 17 -70
34.111215 1329704135.560837 -5 17 -70
34.160018 1329704135.563963 -5 17 -70
34.160018 1329704135.570391 -6 17 -70
34.194635 1329704135.578661 -6 17 -70
34.194635 1329704135.586618 -5 17 -71
34.235532 1329704135.595365 -5 17 -71
34.235532 1329704135.603408 -5 17 -71
34.287298 1329704135.612303 -5 18 -71
34.287298 1329704135.620272 -5 18 -71
34.311010 1329704135.628929 -6 18 -71
34.311010 1329704135.636358 -6 18 -71
34.354103 1329704135.645415 -6 18 -71
34.354103 1329704135.653394 -6 18 -71
34.393957 1329704135.661852 -6 18 -71
34.393957 1329704135.670344 -6 18 -71
34.435776 1329704135.678922 -6 18 -71
34.435776 1329704135.686915 -6 18 -71
34.477569 1329704135.695542 -6 18 -71
34.477569 1329704135.703548 -6 18 -71
34.512117 1329704135.712487 -6 19 -71
34.512117 1329704135.720034 -6 19 -71
34.552791 1329704135.729859 -6 20 -71
34.552791 1329704135.736318 -6 21 -71
34.594198 1329704135.744789 -6 22 -70
34.594198 1329704135.754676 -5 23 -70
34.635747 1329704135.769669 -5 24 -70
34.635747 1329704135.792953 -5 25 -70
34.688494 1329704135.806906 -6 25 -70
34.688494 1329704135.811329 -6 26 -70
34.718724 1329704135.819305 -7 26 -70
34.718724 1329704135.827724 -7 27 -70
34.752738 1329704135.843022 -8 28 -70
34.752738 1329704135.845656 -8 29 -70
34.793382 1329704135.852899 -9 30 -70
34.793382 1329704135.861201 -9 31 -71
34.835226 1329704135.869522 -9 33 -71
34.835226 1329704135.877612 -9 35 -71
34.877662 1329704135.886146 -9 37 -71
34.877662 1329704135.894839 -9 40 -71
34.918166 1329704135.902924 -8 42 -70
34.918166 1329704135.911070 -7 45 -69
34.951091 1329704135.919452 -5 48 -68
34.951091 1329704135.927407 -4 49 -67
34.992942 1329704135.935824 -4 51 -66
34.992942 1329704135.945616 -4 52 -66
35.034531 1329704135.952705 -4 52 -66
35.034531 1329704135.961005 -5 53 -67
35.075994 1329704135.969391 -6 54 -69
35.075994 1329704135.977434 -8 56 -70
35.117370 1329704135.986046 -9 58 -72
35.117370 1329704135.994076 -11 60 -73
35.151353 1329704136.002504 -12 62 -75
35.151353 1329704136.011031 -13 62 -76
35.192087 1329704136.019185 -12 62 -76
35.192087 1329704136.027270 -11 61 -76
35.234012 1329704136.036366 -10 60 -75
35.234012 1329704136.044222 -9 59 -74
35.275974 1329704136.054670 -8 57 -73
35.275974 1329704136.061005 -8 56 -72
35.311555 1329704136.069402 -9 54 -72
35.311555 1329704136.077017 -10 51 -71
35.351012 1329704136.086351 -11 47 -71
35.351012 1329704136.094159 -12 43 -70
35.392943 1329704136.110119 -13 39 -69
35.392943 1329704136.123827 -14 33 -68
35.434600 1329704136.127516 -16 28 -67
35.434600 1329704136.135712 -18 22 -65
35.475921 1329704136.143955 -20 15 -63
35.475921 1329704136.152496 -22 9 -61
35.520383 1329704136.161066 -23 3 -58
35.520383 1329704136.169421 -26 -2 -56
35.552024 1329704136.177676 -28 -8 -53
35.552024 1329704136.185551 -30 -13 -50
35.592613 1329704136.195754 -32 -18 -46
35.592613 1329704136.202352 -35 -23 -42
35.634576 1329704136.210738 -37 -28 -38
35.634576 1329704136.219220 -39 -33 -34
35.674781 1329704136.227270 -42 -37 -28
35.674781 1329704136.235406 -45 -41 -23
35.719065 1329704136.243889 -49 -44 -18
35.719065 1329704136.252357 -51 -47 -13
35.751766 1329704136.260428 -53 -49 -9
35.751766 1329704136.269039 -54 -50 -7
35.790985 1329704136.277223 -54 -50 -7
35.790985 1329704136.285202 -53 -50 -8
35.832875 1329704136.293662 -50 -49 -11
35.832875 1329704136.302498 -48 -47 -15
35.874460 1329704136.310442 -44 -45 -19
35.874460 1329704136.324878 -41 -42 -23
35.916237 1329704136.327814 -37 -39 -28
35.916237 1329704136.335417 -34 -35 -32
35.950188 1329704136.343845 -31 -32 -36
35.950188 1329704136.352241 -27 -28 -39
35.992029 1329704136.360351 -24 -25 -42
35.992029 1329704136.368894 -22 -22 -45
36.033823 1329704136.377094 -20 -19 -47
36.033823 1329704136.385259 -17 -15 -49
36.075322 1329704136.393627 -15 -12 -51
36.075322 1329704136.402215 -13 -10 -53
36.117433 1329704136.410417 -11 -7 -55
36.117433 1329704136.418898 -9 -4 -56
36.150624 1329704136.427323 -8 -2 -58
36.150624 1329704136.435244 -7 0 -59
36.192328 1329704136.443693 -6 2 -60
36.192328 1329704136.452158 -5 4 -62
36.233909 1329704136.460612 -4 7 -63
36.233909 1329704136.468398 -3 9 -64
36.275143 1329704136.477602 -3 11 -64
36.275143 1329704136.485274 -2 12 -65
36.319332 1329704136.494652 -2 14 -65
36.319332 1329704136.502425 -2 16 -66
36.350583 1329704136.510209 -2 17 -66
36.350583 1329704136.524305 -2 18 -66
36.391622 1329704136.528383 -2 19 -67
36.391622 1329704136.535287 -1 19 -67
36.436545 1329704136.543480 -1 20 -67
36.436545 1329704136.552220 -1 20 -68
36.474985 1329704136.560208 -1 20 -68
36.474985 1329704136.568347 -1 20 -68
36.516531 1329704136.576993 -1 20 -68
36.516531 1329704136.585195 0 19 -69
36.558239 1329704136.593297 0 19 -69
36.558239 1329704136.602119 0 18 -69
36.596452 1329704136.610188 0 18 -69
36.596452 1329704136.618158 0 18 -69
36.633453 1329704136.626867 0 17 -69
36.633453 1329704136.635124 0 17 -69
36.675218 1329704136.643171 0 16 -69
36.675218 1329704136.652098 0 16 -69
36.718190 1329704136.660268 0 16 -70
36.718190 1329704136.668143 0 15 -70
36.758439 1329704136.676976 0 15 -70
36.758439 1329704136.685046 0 15 -70
36.798963 1329704136.693133 0 15 -70
36.798963 1329704136.701975 0 15 -70
36.835893 1329704136.710183 0 15 -70
36.835893 1329704136.722777 0 15 -70
36.874969 1329704136.728862 0 15 -70
36.874969 1329704136.735112 0 15 -70
36.918711 1329704136.743228 0 15 -70
36.918711 1329704136.752012 0 15 -70
36.959864 1329704136.760242 0 15 -70
36.959864 1329704136.776265 0 15 -70
37.002283 1329704136.791092 0 15 -69
37.002283 1329704136.793315 0 15 -69
37.033034 1329704136.801559 0 15 -69
37.033034 1329704136.810326 0 15 -69
37.074962 1329704136.818403 0 15 -69
37.074962 1329704136.831013 0 15 -69
37.116264 1329704136.835459 0 15 -69
37.116264 1329704136.842970 0 14 -69
37.158281 1329704136.851726 0 14 -69
37.158281 1329704136.860340 0 14 -69
37.191180 1329704136.868400 0 14 -69
37.191180 1329704136.876533 0 14 -69
37.237472 1329704136.885333 0 13 -69
37.237472 1329704136.893169 0 13 -69
37.274919 1329704136.902389 0 13 -69
37.274919 1329704136.910123 0 13 -69
37.316107 1329704136.918271 0 13 -69
37.316107 1329704136.926547 0 13 -69
37.357672 1329704136.935171 0 13 -69
37.357672 1329704136.943146 0 13 -69
37.390901 1329704136.951071 0 13 -69
37.390901 1329704136.960316 0 13 -69
37.432620 1329704136.968299 0 13 -69
37.432620 1329704136.976534 0 13 -69
37.474495 1329704136.985060 0 13 -69
37.474495 1329704136.993134 0 13 -69
37.515948 1329704137.001031 0 13 -69
37.515948 1329704137.010221 0 14 -69
37.557331 1329704137.018193 0 14 -69
37.557331 1329704137.026623 0 14 -69
37.590860 1329704137.035259 0 15 -69
37.590860 1329704137.043214 0 15 -69
37.632588 1329704137.051097 0 16 -69
37.632588 1329704137.059987 0 17 -69
37.674434 1329704137.068169 -1 19 -70
37.674434 1329704137.076485 -1 20 -70
37.715522 1329704137.084863 -2 22 -70
37.715522 1329704137.093047 -3 24 -70
37.757017 1329704137.101313 -4 26 -71
37.757017 1329704137.110190 -5 27 -71
37.790454 1329704137.128436 -6 29 -72
37.790454 1329704137.135163 -7 30 -72
37.832539 1329704137.143398 -7 31 -72
37.832539 1329704137.151278 -8 32 -73
37.873914 1329704137.159658 -9 33 -73
37.873914 1329704137.168335 -9 34 -74
37.915344 1329704137.183754 -10 35 -74
37.915344 1329704137.197047 -11 36 -74
37.950638 1329704137.201229 -11 37 -74
37.950638 1329704137.209510 -11 38 -73
37.990578 1329704137.217873 -10 38 -72
37.990578 1329704137.226375 -10 39 -71
38.031888 1329704137.234555 -10 39 -70
38.031888 1329704137.242962 -10 40 -70
38.073947 1329704137.250996 -11 41 -71
38.073947 1329704137.259398 -13 43 -72
38.121833 1329704137.267328 -14 45 -74
38.121833 1329704137.276388 -14 47 -75
38.156574 1329704137.293404 -13 48 -76
38.156574 1329704137.300884 -12 48 -76
38.198804 1329704137.309138 -11 47 -76
38.198804 1329704137.317834 -11 45 -75
38.240063 1329704137.325455 -10 43 -75
38.240063 1329704137.333997 -9 41 -74
38.273530 1329704137.343288 -9 39 -74
38.273530 1329704137.350656 -9 37 -74
38.315197 1329704137.359145 -10 36 -74
38.315197 1329704137.367443 -12 34 -74
38.358199 1329704137.375802 -14 31 -74
38.358199 1329704137.384089 -17 27 -73
38.390746 1329704137.392615 -19 22 -72
38.390746 1329704137.400750 -22 16 -70
38.432060 1329704137.409403 -24 10 -68
38.432060 1329704137.417474 -26 3 -65
38.473904 1329704137.426025 -28 -2 -62
38.473904 1329704137.434096 -30 -8 -59
38.514709 1329704137.443618 -32 -14 -55
38.514709 1329704137.450887 -34 -20 -51
38.555807 1329704137.459163 -37 -26 -47
38.555807 1329704137.467630 -39 -31 -42
38.603683 1329704137.476061 -43 -36 -36
38.603683 1329704137.500599 -46 -42 -30
38.629843 1329704137.515382 -51 -46 -23
38.629843 1329704137.517833 -55 -50 -17
38.671816 1329704137.525810 -57 -52 -13
38.671816 1329704137.534232 -59 -53 -12
38.713516 1329704137.542926 -58 -53 -12
38.713516 1329704137.550944 -56 -52 -15
38.755296 1329704137.559336 -53 -51 -19
38.755296 1329704137.567410 -50 -48 -23
38.797172 1329704137.576012 -46 -46 -27
38.797172 1329704137.586154 -43 -43 -31
38.830661 1329704137.592589 -40 -40 -35
38.830661 1329704137.604261 -38 -36 -38
38.878013 1329704137.609815 -35 -32 -42
38.878013 1329704137.618044 -33 -29 -45
38.914352 1329704137.626638 -30 -25 -48
38.914352 1329704137.634630 -28 -22 -50
38.955939 1329704137.643054 -26 -18 -53
38.955939 1329704137.651645 -23 -15 -55
38.997441 1329704137.660187 -21 -11 -57
38.997441 1329704137.668700 -19 -8 -59
39.030852 1329704137.676710 -16 -5 -61
39.030852 1329704137.684240 -14 -1 -63
39.074903 1329704137.692478 -12 1 -65
39.074903 1329704137.701015 -10 4 -66
39.116376 1329704137.711638 -9 6 -67
39.116376 1329704137.717410 -8 9 -68
39.158833 1329704137.725975 -7 11 -69
39.158833 1329704137.734130 -6 13 -70
39.190036 1329704137.742592 -5 15 -71
39.190036 1329704137.750924 -5 16 -72
39.230936 1329704137.775795 -4 18 -73
39.230936 1329704137.783679 -3 19 -73
39.273076 1329704137.792140 -3 20 -74
39.273076 1329704137.799906 -3 20 -74
39.314359 1329704137.808595 -2 20 -75
39.314359 1329704137.816570 -2 20 -75
39.356298 1329704137.824646 -1 21 -76
39.356298 1329704137.832880 -1 20 -76
39.397547 1329704137.840997 -1 20 -77
39.397547 1329704137.849172 -1 20 -77
39.430879 1329704137.857724 -1 20 -77
39.430879 1329704137.865995 -1 20 -78
39.472723 1329704137.874484 -1 20 -78
39.472723 1329704137.883822 -1 20 -78
39.514526 1329704137.890702 -1 20 -78
39.514526 1329704137.899098 -1 20 -78
39.555562 1329704137.907496 -1 19 -78
39.555562 1329704137.915826 -1 19 -79
39.597511 1329704137.924228 -2 19 -79
39.597511 1329704137.943707 -2 19 -79
39.630387 1329704137.949565 -2 18 -79
39.630387 1329704137.957433 -2 18 -79
39.678113 1329704137.966124 -2 18 -79
39.678113 1329704137.974015 -2 18 -79
39.716548 1329704137.982516 -2 18 -79
39.716548 1329704137.996612 -2 18 -79
39.755626 1329704138.018554 -2 18 -80
39.755626 1329704138.031514 -2 18 -80
39.799035 1329704138.033385 -2 18 -80
39.799035 1329704138.041395 -2 18 -80
39.830415 1329704138.049795 -2 18 -80
39.830415 1329704138.058422 -2 18 -80
39.872348 1329704138.066546 -2 18 -80
39.872348 1329704138.075407 -2 18 -80
39.913765 1329704138.083174 -2 18 -80
39.913765 1329704138.091108 -2 18 -80
39.955115 1329704138.099902 -2 18 -80
39.955115 1329704138.108193 -2 18 -80
39.997290 1329704138.116340 -2 18 -80
39.997290 1329704138.124827 -2 18 -80
40.030517 1329704138.133562 -2 18 -80
40.030517 1329704138.141556 -1 18 -80
40.071651 1329704138.150135 -1 18 -80
40.071651 1329704138.159005 -1 18 -80
40.111835 1329704138.167294 -1 17 -80
40.111835 1329704138.177499 -1 17 -80
40.154941 1329704138.183939 -1 17 -80
40.154941 1329704138.191761 -1 17 -80
40.197052 1329704138.200571 0 17 -79
40.197052 1329704138.208627 0 17 -79
40.238661 1329704138.216986 0 17 -79
40.238661 1329704138.236864 0 17 -79
40.281555 1329704138.251288 0 17 -79
40.281555 1329704138.258085 0 17 -79
40.313845 1329704138.267155 0 17 -79
40.313845 1329704138.275295 0 17 -79
40.355143 1329704138.283425 0 17 -79
40.355143 1329704138.292115 0 17 -78
40.396327 1329704138.300858 0 17 -78
40.396327 1329704138.308725 0 17 -78
40.438354 1329704138.317396 0 18 -78
40.438354 1329704138.325507 0 18 -78
40.471537 1329704138.334331 0 19 -78
40.471537 1329704138.351592 -1 19 -79
40.513473 1329704138.367113 -2 20 -79
40.513473 1329704138.379187 -2 22 -79
40.554898 1329704138.385677 -3 23 -79
40.554898 1329704138.392036 -4 24 -80
40.596468 1329704138.400563 -5 26 -80
40.596468 1329704138.408629 -7 27 -81
40.637049 1329704138.428688 -8 29 -81
40.637049 1329704138.433756 -10 31 -82
40.671074 1329704138.442176 -12 32 -83
40.671074 1329704138.450195 -14 34 -83
40.713126 1329704138.458937 -16 36 -84
40.713126 1329704138.466984 -17 39 -84
40.754489 1329704138.475849 -18 41 -84
40.754489 1329704138.483506 -18 43 -84
40.798894 1329704138.492291 -18 45 -83
40.798894 1329704138.500522 -19 47 -83
40.837092 1329704138.508569 -19 49 -83
40.837092 1329704138.516935 -20 51 -83
40.870817 1329704138.525896 -21 53 -85
40.870817 1329704138.533212 -22 55 -86
40.912269 1329704138.541820 -23 56 -88
40.912269 1329704138.549987 -24 58 -90
40.960440 1329704138.558144 -24 59 -90
40.960440 1329704138.566693 -23 59 -90
40.997057 1329704138.597527 -22 58 -89
40.997057 1329704138.610810 -20 56 -87
41.032524 1329704138.616610 -19 53 -85
41.032524 1329704138.624854 -17 50 -82
41.070491 1329704138.633395 -16 48 -81
41.070491 1329704138.653355 -16 45 -79
41.112675 1329704138.658497 -16 42 -78
41.112675 1329704138.666427 -16 39 -78
41.154483 1329704138.674958 -17 36 -77
41.154483 1329704138.683280 -17 32 -75
41.195838 1329704138.691180 -18 27 -74
41.195838 1329704138.704203 -19 22 -72
41.237353 1329704138.708396 -20 16 -70
41.237353 1329704138.716361 -21 10 -68
41.270265 1329704138.724943 -22 4 -66
41.270265 1329704138.733464 -24 -2 -63
41.311890 1329704138.741411 -26 -8 -60
41.311890 1329704138.749995 -28 -14 -57
41.353846 1329704138.758430 -30 -21 -53
41.353846 1329704138.766126 -33 -27 -50
41.394629 1329704138.774908 -36 -33 -45
41.394629 1329704138.783401 -39 -38 -40
41.435692 1329704138.791207 -43 -43 -34
41.435692 1329704138.800041 -48 -47 -29
41.484230 1329704138.809960 -52 -50 -24
41.484230 1329704138.816368 -55 -52 -21
41.510834 1329704138.825001 -56 -53 -20
41.510834 1329704138.833304 -55 -53 -20
41.552540 1329704138.841336 -54 -52 -23
41.552540 1329704138.851851 -51 -51 -26
41.594723 1329704138.865051 -49 -49 -30
41.594723 1329704138.887286 -46 -46 -33
41.636858 1329704138.891510 -43 -43 -37
41.636858 1329704138.899864 -41 -40 -41
41.677998 1329704138.908406 -39 -37 -44
41.677998 1329704138.916498 -37 -33 -48
41.710959 1329704138.925413 -34 -30 -51
41.710959 1329704138.937833 -32 -26 -54
41.753227 1329704138.941273 -30 -22 -57
41.753227 1329704138.949542 -27 -18 -60
41.795202 1329704138.957792 -25 -15 -62
41.795202 1329704138.966501 -22 -12 -65
41.836509 1329704138.974340 -20 -8 -67
41.836509 1329704138.983084 -18 -6 -68
41.871868 1329704138.991261 -16 -3 -70
41.871868 1329704138.999703 -15 -1 -72
41.913928 1329704139.008184 -13 0 -73
41.913928 1329704139.016338 -12 2 -74
41.952383 1329704139.024371 -11 4 -76
41.952383 1329704139.032730 -10 6 -77
42.003302 1329704139.042534 -9 7 -78
42.003302 1329704139.049364 -9 9 -78
42.037040 1329704139.057913 -8 10 -79
42.037040 1329704139.066434 -8 11 -80
42.078603 1329704139.074304 -8 12 -80
42.078603 1329704139.082851 -8 13 -80
42.111814 1329704139.091138 -8 14 -81
42.111814 1329704139.099589 -7 15 -81
42.153604 1329704139.107767 -7 15 -81
42.153604 1329704139.116434 -7 16 -82
42.194688 1329704139.124089 -6 16 -82
42.194688 1329704139.132757 -6 16 -82
42.236887 1329704139.154239 -6 16 -82
42.236887 1329704139.157404 -6 16 -82
42.273250 1329704139.166112 -6 16 -83
42.273250 1329704139.174607 -5 16 -83
42.322363 1329704139.184640 -5 16 -83
42.322363 1329704139.190967 -5 16 -83
42.353259 1329704139.205511 -5 16 -83
42.353259 1329704139.207970 -5 16 -83
42.395863 1329704139.223120 -5 16 -83
42.395863 1329704139.236722 -5 16 -83
42.430652 1329704139.240941 -5 17 -84
42.430652 1329704139.249219 -5 17 -84
42.485734 1329704139.257573 -5 17 -84
42.485734 1329704139.265976 -5 16 -84
42.518427 1329704139.274512 -4 16 -84
42.518427 1329704139.282564 -4 16 -84
42.556221 1329704139.291016 -4 16 -84
42.556221 1329704139.299500 -4 16 -84
42.601149 1329704139.318988 -4 16 -84
42.601149 1329704139.324078 -4 16 -84
42.647738 1329704139.333911 -4 15 -84
42.647738 1329704139.340961 -4 15 -84
42.675440 1329704139.349178 -4 15 -84
42.675440 1329704139.357437 -4 15 -84
42.712826 1329704139.372548 -4 15 -84
42.712826 1329704139.386435 -4 15 -84
42.752377 1329704139.390952 -4 15 -84
42.752377 1329704139.399125 -4 16 -84
42.794592 1329704139.407290 -4 16 -84
42.794592 1329704139.415740 -4 16 -84
42.836035 1329704139.424198 -4 16 -84
42.836035 1329704139.432593 -4 16 -84
42.877497 1329704139.441114 -4 16 -84
42.877497 1329704139.449296 -4 16 -84
42.910571 1329704139.457071 -4 16 -84
42.910571 1329704139.465951 -4 16 -84
42.952254 1329704139.474526 -4 16 -84
42.952254 1329704139.488605 -4 17 -84
42.994021 1329704139.493552 -4 17 -84
42.994021 1329704139.516541 -4 18 -84
43.039032 1329704139.523713 -4 19 -84
43.039032 1329704139.532287 -4 20 -84
43.089638 1329704139.540903 -4 20 -84
43.089638 1329704139.549178 -5 21 -84
43.110612 1329704139.557645 -5 22 -85
43.110612 1329704139.565523 -6 23 -85
43.152402 1329704139.573853 -7 24 -86
43.152402 1329704139.582102 -8 26 -86
43.193709 1329704139.590646 -9 28 -87
43.193709 1329704139.599742 -11 30 -88
43.234028 1329704139.612656 -14 33 -90
43.234028 1329704139.617672 -16 36 -91
43.276952 1329704139.640762 -19 38 -93
43.276952 1329704139.649743 -21 41 -94
43.320365 1329704139.657198 -24 44 -96
43.320365 1329704139.666312 -26 46 -97
43.359733 1329704139.674050 -27 49 -96
43.359733 1329704139.682853 -27 51 -95
43.393339 1329704139.690033 -26 53 -95
43.393339 1329704139.700578 -26 54 -94
43.434851 1329704139.707573 -27 56 -95
43.434851 1329704139.715906 -29 54 -96
43.476594 1329704139.724396 -29 51 -95
43.476594 1329704139.736762 -28 45 -91
43.518791 1329704139.742352 -26 39 -88
43.518791 1329704139.748961 -24 33 -84
43.551656 1329704139.756999 -23 27 -80
43.551656 1329704139.765777 -23 20 -77
43.594583 1329704139.784935 -23 14 -74
43.594583 1329704139.792530 -24 8 -71
43.634866 1329704139.798929 -25 2 -68
43.634866 1329704139.807196 -26 -2 -65
43.677284 1329704139.815320 -27 -7 -63
43.677284 1329704139.824129 -29 -11 -60
43.717693 1329704139.832514 -30 -16 -57
43.717693 1329704139.840411 -32 -19 -55
43.750677 1329704139.848853 -34 -23 -52
43.750677 1329704139.857214 -37 -26 -49
43.792039 1329704139.865547 -39 -29 -47
43.792039 1329704139.874059 -40 -31 -44
43.833495 1329704139.882313 -42 -33 -43
43.833495 1329704139.890229 -43 -34 -41
43.882471 1329704139.898871 -44 -35 -40
43.882471 1329704139.907246 -45 -36 -40
43.916690 1329704139.915447 -45 -36 -40
43.916690 1329704139.923659 -45 -36 -40
43.951162 1329704139.932363 -45 -35 -41
43.951162 1329704139.940460 -44 -34 -43
43.991622 1329704139.948606 -43 -33 -45
43.991622 1329704139.956969 -41 -32 -47
44.037151 1329704139.965233 -39 -30 -50
44.037151 1329704139.973672 -37 -28 -52
44.077605 1329704139.982277 -34 -27 -54
44.077605 1329704139.994646 -31 -26 -56
44.117030 1329704139.998465 -29 -25 -58
44.117030 1329704140.007237 -26 -24 -60
44.151181 1329704140.015240 -24 -23 -61
44.151181 1329704140.023715 -22 -22 -63
44.190530 1329704140.031987 -20 -21 -64
44.190530 1329704140.046150 -19 -20 -66
44.234909 1329704140.048954 -18 -19 -67
44.234909 1329704140.057015 -17 -17 -69
44.275724 1329704140.065103 -17 -16 -70
44.275724 1329704140.073759 -16 -14 -71
44.317432 1329704140.082171 -16 -13 -71
44.317432 1329704140.090248 -15 -11 -72
44.353755 1329704140.099762 -15 -10 -73
44.353755 1329704140.106974 -14 -9 -74
44.392234 1329704140.115609 -14 -8 -74
44.392234 1329704140.123616 -13 -7 -75
44.434476 1329704140.132509 -13 -6 -76
44.434476 1329704140.140033 -12 -6 -76
44.482417 1329704140.152584 -12 -6 -77
44.482417 1329704140.156684 -11 -6 -77
44.517087 1329704140.164953 -11 -6 -77
44.517087 1329704140.173348 -11 -6 -78
44.550625 1329704140.182022 -11 -6 -78
44.550625 1329704140.189993 -10 -6 -78
44.592501 1329704140.198260 -10 -6 -78
44.592501 1329704140.206500 -10 -7 -78
44.633162 1329704140.215100 -10 -7 -78
44.633162 1329704140.223177 -10 -7 -79
44.675395 1329704140.231676 -10 -7 -79
44.675395 1329704140.239824 -10 -7 -79
44.717301 1329704140.248211 -10 -7 -79
44.717301 1329704140.268517 -10 -7 -79
