imu_t vicon_t roll pitch yaw
0.009748 1329703794.687979 2 2 11
0.009748 1329703794.748321 2 1 12
0.009748 1329703794.779660 2 1 12
0.009748 1329703794.788198 2 1 12
0.009748 1329703794.795881 3 1 12
0.009748 1329703794.804656 3 1 12
0.009748 1329703794.812856 3 1 12
0.009748 1329703794.821304 3 1 12
0.009748 1329703794.839864 3 1 12
0.009748 1329703794.846455 3 1 12
0.009748 1329703794.854459 3 1 12
0.009748 1329703794.862743 3 1 12
0.009748 1329703794.871267 3 1 11
0.009748 1329703794.888005 2 1 11
0.009748 1329703794.896377 2 1 11
0.009748 1329703794.904813 2 1 11
0.009748 1329703794.912473 2 1 11
0.009748 1329703794.921129 2 1 11
0.009748 1329703794.929633 2 1 11
0.009748 1329703794.937661 2 2 11
0.009748 1329703794.946377 2 2 11
0.009748 1329703794.954700 2 2 11
0.009748 1329703794.962803 2 2 10
0.009748 1329703794.971984 2 2 10
0.009748 1329703794.979720 2 2 10
0.009748 1329703795.000983 1 2 10
0.009748 1329703795.005181 1 2 10
0.009748 1329703795.012692 1 2 10
0.009748 1329703795.021397 1 2 10
0.009748 1329703795.029636 1 2 10
0.009748 1329703795.037753 1 2 10
0.009748 1329703795.046062 1 2 10
0.009748 1329703795.054533 1 2 10
0.009748 1329703795.062917 1 1 10
0.009748 1329703795.070861 1 1 10
0.009748 1329703795.079572 1 1 10
0.009748 1329703795.087541 1 1 10
0.009748 1329703795.096072 2 1 9
0.009748 1329703795.114966 2 1 9
0.009748 1329703795.121001 2 1 9
0.009748 1329703795.129343 2 2 9
0.009748 1329703795.137571 2 2 9
0.009748 1329703795.145966 3 2 8
0.009748 1329703795.154286 3 2 8
0.009748 1329703795.169566 3 3 7
0.009748 1329703795.172391 2 3 7
0.009748 1329703795.179409 2 3 6
0.009748 1329703795.187750 2 4 5
0.009748 1329703795.195868 2 4 5
0.009748 1329703795.204404 1 4 4
0.009748 1329703795.212442 2 5 4
0.009748 1329703795.225093 2 5 4
0.009748 1329703795.229304 3 5 4
0.009748 1329703795.237495 3 6 4
0.009748 1329703795.246006 4 6 4
0.009748 1329703795.254251 4 6 4
0.009748 1329703795.263824 4 7 4
0.009748 1329703795.270789 4 7 4
0.009748 1329703795.279065 3 8 4
0.009748 1329703795.287539 3 8 4
0.009748 1329703795.295837 2 9 3
0.009748 1329703795.303921 2 9 4
0.009748 1329703795.312171 1 9 4
0.009748 1329703795.321159 1 8 4
0.009748 1329703795.328959 0 7 4
0.009748 1329703795.337508 0 6 4
0.053338 1329703795.345898 1 5 5
0.053338 1329703795.353984 1 4 5
0.053338 1329703795.362265 1 2 5
0.053338 1329703795.370777 -1 -1 33
0.086534 1329703795.378867 -1 -1 33
0.086534 1329703795.387329 -1 -1 33
0.127865 1329703795.395737 -1 -1 33
0.127865 1329703795.403977 -1 -1 33
0.169927 1329703795.412216 -1 -1 33
0.169927 1329703795.425282 -1 -1 33
0.211464 1329703795.428882 -1 -1 33
0.211464 1329703795.437600 -1 -1 33
0.266099 1329703795.445828 -1 -1 33
0.266099 1329703795.454179 -1 -1 33
0.286541 1329703795.462139 -1 -1 33
0.286541 1329703795.475894 -1 -1 33
0.327987 1329703795.490890 -1 -1 33
0.327987 1329703795.514324 -1 -1 33
0.380056 1329703795.528592 -1 -1 33
0.380056 1329703795.531535 -1 -1 33
0.411115 1329703795.537053 -1 -1 33
0.411115 1329703795.549049 -1 -1 33
0.453011 1329703795.553812 -1 -1 33
0.453011 1329703795.562376 -1 -1 33
0.490153 1329703795.570610 -1 -1 33
0.490153 1329703795.578727 -1 -1 33
0.528921 1329703795.598187 -1 -1 33
0.528921 1329703795.612669 -1 -1 33
0.569045 1329703795.620815 -1 -1 33
0.569045 1329703795.628803 -1 -1 33
0.610983 1329703795.637355 -1 -1 33
0.610983 1329703795.645430 -1 -1 33
0.652685 1329703795.653299 -1 -1 33
0.652685 1329703795.661785 -1 -1 33
0.690375 1329703795.670426 -1 -1 33
0.690375 1329703795.678591 -1 -1 33
0.727429 1329703795.687198 -1 -1 33
0.727429 1329703795.696102 -1 -1 33
0.779373 1329703795.703274 -1 -1 33
0.779373 1329703795.712038 -1 -1 33
0.814331 1329703795.726684 -1 -1 34
0.814331 1329703795.740512 -1 -1 34
0.863263 1329703795.764152 -1 -1 33
0.863263 1329703795.776331 -1 -1 33
0.893937 1329703795.781115 -1 -1 33
0.893937 1329703795.787040 -1 -1 33
0.926931 1329703795.795293 -1 -1 33
0.968428 1329703795.803408 -1 -1 33
0.968428 1329703795.811818 -1 -1 33
1.029349 1329703795.820473 -1 -1 33
1.029349 1329703795.828444 -1 -1 33
1.052112 1329703795.837012 -1 -1 33
1.052112 1329703795.845218 -1 -1 33
1.093574 1329703795.859537 -1 -1 33
1.093574 1329703795.862502 -1 -1 34
1.127584 1329703795.870426 -1 -1 34
1.127584 1329703795.878626 -1 -1 34
1.168389 1329703795.886956 -1 -1 34
1.168389 1329703795.895159 -1 -1 34
1.210320 1329703795.903306 -1 -1 34
1.210320 1329703795.911890 -1 -1 34
1.251973 1329703795.920664 -1 -1 33
1.251973 1329703795.928359 -1 -1 34
1.293649 1329703795.936747 -1 -1 34
1.293649 1329703795.945207 -1 -1 33
1.328011 1329703795.953152 -1 -1 33
1.328011 1329703795.961962 -1 -1 33
1.373609 1329703795.970118 -1 -1 33
1.373609 1329703795.978544 -1 -1 33
1.409904 1329703795.986904 -1 -1 33
1.409904 1329703795.995114 -1 -1 33
1.451652 1329703796.003038 -1 -1 33
1.451652 1329703796.011813 -1 -1 33
1.493359 1329703796.020090 -1 -1 33
1.493359 1329703796.028580 -1 -1 33
1.538177 1329703796.036812 -1 -1 33
1.538177 1329703796.044983 -1 -1 33
1.584586 1329703796.053644 -1 -1 34
1.584586 1329703796.061880 -1 -1 33
1.607754 1329703796.070084 -1 -1 34
1.607754 1329703796.079168 -1 -1 34
1.652683 1329703796.086882 -1 -1 34
1.652683 1329703796.095407 -1 -1 34
1.693618 1329703796.108554 -1 -1 34
1.693618 1329703796.111976 -1 -1 34
1.726236 1329703796.120040 -1 -1 34
1.726236 1329703796.128265 -1 -1 34
1.768301 1329703796.136781 -1 -1 34
1.768301 1329703796.144817 -1 -1 34
1.808322 1329703796.152833 -1 -1 34
1.808322 1329703796.161685 -1 -1 34
1.851705 1329703796.169942 -1 -1 34
1.851705 1329703796.178151 -1 -1 34
1.893003 1329703796.186550 -1 -1 34
1.893003 1329703796.194692 -1 -1 34
1.926688 1329703796.203025 -1 -1 34
1.926688 1329703796.211649 -1 -1 34
1.968250 1329703796.220045 -1 -1 34
1.968250 1329703796.228273 -1 -1 34
2.009638 1329703796.236750 -1 -1 34
2.009638 1329703796.245076 -1 -1 34
2.051315 1329703796.258277 -1 -1 34
2.051315 1329703796.272985 -1 -1 34
2.093029 1329703796.296330 -1 -1 34
2.093029 1329703796.319427 -1 -1 34
2.126352 1329703796.342630 -1 -1 34
2.126352 1329703796.366272 -1 -1 34
2.168392 1329703796.379836 -1 -1 34
2.168392 1329703796.386671 -1 -1 34
2.209751 1329703796.394939 -1 -1 34
2.209751 1329703796.403295 -1 -1 34
2.255591 1329703796.411432 -1 -1 34
2.255591 1329703796.419942 -1 -1 34
2.293177 1329703796.428727 -1 -1 34
2.293177 1329703796.437611 -1 -1 34
2.340204 1329703796.444840 -1 -1 34
2.340204 1329703796.453162 -1 -1 34
2.367829 1329703796.461291 -1 -1 34
2.367829 1329703796.469928 -1 -1 34
2.414214 1329703796.478030 -1 -1 34
2.414214 1329703796.486663 -1 -1 34
2.463102 1329703796.494734 -1 -1 34
2.463102 1329703796.503192 -1 -1 34
2.493774 1329703796.511262 -1 -1 34
2.493774 1329703796.519814 -1 -1 34
2.534000 1329703796.527821 -1 -1 34
2.534000 1329703796.543148 -1 -1 34
2.569280 1329703796.545758 -1 -1 34
2.569280 1329703796.553137 -1 -1 34
2.610079 1329703796.561368 -1 -1 34
2.650609 1329703796.569729 -1 -1 34
2.650609 1329703796.577916 -1 -1 34
2.692884 1329703796.586671 -1 -1 34
2.692884 1329703796.594557 -1 -1 34
2.733691 1329703796.603333 -1 -1 34
2.733691 1329703796.611100 -1 -1 34
2.768896 1329703796.620010 -1 -1 34
2.768896 1329703796.627906 -1 -1 34
2.808306 1329703796.636690 -1 -1 34
2.808306 1329703796.658794 -1 -1 34
2.850071 1329703796.661619 -1 -1 34
2.850071 1329703796.669576 -1 -1 34
2.892843 1329703796.678174 -1 -1 34
2.892843 1329703796.685971 -1 -1 34
2.933497 1329703796.694671 -1 -1 34
2.933497 1329703796.703168 -1 -1 34
2.976616 1329703796.711239 -1 -1 34
2.976616 1329703796.719464 -1 -1 34
3.008063 1329703796.727838 -1 -1 34
3.008063 1329703796.736056 -1 -1 34
3.049905 1329703796.744576 -1 -1 34
3.049905 1329703796.752874 -1 -1 34
3.091691 1329703796.771997 -1 -1 34
3.091691 1329703796.786237 -1 -1 34
3.134623 1329703796.794380 -1 -1 34
3.134623 1329703796.802878 -1 -1 34
3.190255 1329703796.811097 -1 -1 34
3.190255 1329703796.819532 -1 -1 34
3.207945 1329703796.827989 -1 -1 34
3.207945 1329703796.835854 -1 -1 34
3.249484 1329703796.844556 -1 -1 34
3.249484 1329703796.852568 -1 -1 34
3.298998 1329703796.861188 -1 -1 34
3.298998 1329703796.869753 -1 -1 34
3.332840 1329703796.882228 -1 -1 34
3.332840 1329703796.888242 -1 -1 34
3.374604 1329703796.900879 -1 -1 34
3.374604 1329703796.903319 -1 -1 34
3.407656 1329703796.910887 -1 -1 34
3.407656 1329703796.921038 -1 -1 34
3.450130 1329703796.927669 -1 -1 34
3.450130 1329703796.936080 -1 -1 34
3.490781 1329703796.944662 -1 -1 34
3.490781 1329703796.952611 -1 -1 34
3.532997 1329703796.961461 -1 -1 34
3.532997 1329703796.969316 -1 -1 34
3.574267 1329703796.978284 -1 -1 34
3.574267 1329703796.990430 -1 -1 34
3.607354 1329703796.994121 -1 -1 34
3.607354 1329703797.002616 -1 -1 34
3.648968 1329703797.012909 -1 -1 34
3.648968 1329703797.027927 -1 -1 34
3.690472 1329703797.042719 -1 -1 34
3.690472 1329703797.074970 -1 -1 34
3.732173 1329703797.086356 -1 -1 34
3.732173 1329703797.094526 -1 -1 34
3.773915 1329703797.102693 -1 -1 34
3.773915 1329703797.110845 -1 -1 34
3.807340 1329703797.121771 -1 -1 34
3.807340 1329703797.136538 -1 -1 34
3.848407 1329703797.149117 -1 -1 34
3.848407 1329703797.154465 -1 -1 34
3.890564 1329703797.161190 -1 -1 34
3.890564 1329703797.169216 -1 -1 34
3.931831 1329703797.177676 -1 -1 34
3.931831 1329703797.197936 -1 -1 34
3.973456 1329703797.202726 -1 -1 34
3.973456 1329703797.211008 -1 -1 34
4.006995 1329703797.219267 -1 -1 34
4.006995 1329703797.228151 -1 -1 34
4.048359 1329703797.236003 -1 -1 34
4.048359 1329703797.244279 -1 -1 34
4.086382 1329703797.252358 -1 -1 34
4.086382 1329703797.260732 -1 -1 34
4.128430 1329703797.268959 -1 -1 34
4.128430 1329703797.277383 -1 -1 34
4.173636 1329703797.285965 -1 -1 34
4.173636 1329703797.293945 -1 -1 34
4.206377 1329703797.304247 -1 -1 34
4.206377 1329703797.310830 -1 -1 34
4.248430 1329703797.318968 -1 -1 34
4.248430 1329703797.326929 -1 -1 34
4.290062 1329703797.335741 -1 -1 34
4.290062 1329703797.344966 -1 -1 34
4.331310 1329703797.352873 -1 -1 34
4.331310 1329703797.360537 -1 -1 34
4.373239 1329703797.368748 -1 -1 34
4.373239 1329703797.377831 -1 -1 34
4.406222 1329703797.385661 -1 -1 34
4.406222 1329703797.394256 -1 -1 34
4.448167 1329703797.403365 -1 -1 34
4.448167 1329703797.410783 -1 -1 34
4.489517 1329703797.418452 -1 -1 34
4.489517 1329703797.427777 -1 -1 34
4.531116 1329703797.435178 -1 -1 34
4.531116 1329703797.444253 -1 -1 34
4.573070 1329703797.451742 -1 -1 34
4.573070 1329703797.460036 -1 -1 34
4.606342 1329703797.468605 -1 -1 34
4.606342 1329703797.476883 -1 -1 34
4.648178 1329703797.485149 -1 -1 34
4.648178 1329703797.494301 -1 -1 34
4.689544 1329703797.503758 -1 -1 34
4.689544 1329703797.509940 -1 -1 34
4.731371 1329703797.518399 -1 -1 34
4.731371 1329703797.526445 -1 -1 34
4.772752 1329703797.534954 -1 -1 34
4.772752 1329703797.543186 -1 -1 34
4.814133 1329703797.556133 -1 -1 34
4.814133 1329703797.561509 -1 -1 34
4.847394 1329703797.568134 -1 -1 34
4.847394 1329703797.576613 -1 -1 34
4.889484 1329703797.584931 -1 -1 34
4.889484 1329703797.593302 -1 -1 34
4.931237 1329703797.601217 -1 -1 34
4.931237 1329703797.611356 -1 -1 34
4.972680 1329703797.618085 -1 -1 34
4.972680 1329703797.626732 -1 -1 34
5.014040 1329703797.634732 -1 -1 34
5.014040 1329703797.643314 -1 -1 34
5.047390 1329703797.651401 -1 -1 34
5.047390 1329703797.659881 -1 -1 34
5.088720 1329703797.668441 -1 -1 34
5.088720 1329703797.676663 -1 -1 34
5.130445 1329703797.684813 -1 -1 34
5.130445 1329703797.693189 -1 -1 34
5.172826 1329703797.701165 -1 -1 34
5.172826 1329703797.711516 -1 -1 34
5.213992 1329703797.718232 -1 -1 34
5.213992 1329703797.726728 -1 -1 34
5.246923 1329703797.735024 -1 -1 34
5.246923 1329703797.743014 -1 -1 34
5.288898 1329703797.751185 -1 -1 34
5.288898 1329703797.760774 -1 -1 34
5.330308 1329703797.768487 -1 -1 34
5.330308 1329703797.776626 -1 0 34
5.372008 1329703797.784880 0 0 34
5.372008 1329703797.793129 0 0 34
5.413813 1329703797.801075 0 1 34
5.413813 1329703797.809682 0 1 34
5.448285 1329703797.818064 0 2 35
5.448285 1329703797.826603 0 3 35
5.488336 1329703797.834692 0 4 35
5.488336 1329703797.842978 0 5 35
5.529906 1329703797.850966 1 6 35
5.529906 1329703797.869572 1 6 35
5.572137 1329703797.876241 1 6 35
5.572137 1329703797.886548 1 5 35
5.613283 1329703797.892717 1 5 35
5.613283 1329703797.901293 1 4 35
5.646847 1329703797.925205 1 4 36
5.646847 1329703797.927782 1 3 36
5.692853 1329703797.934648 1 3 36
5.692853 1329703797.942891 1 3 36
5.730420 1329703797.951302 2 2 36
5.730420 1329703797.959448 2 2 36
5.772847 1329703797.967444 3 1 36
5.772847 1329703797.980284 3 0 36
5.806927 1329703797.984507 4 0 36
5.806927 1329703797.992690 4 0 36
5.847047 1329703798.001206 4 0 36
5.847047 1329703798.009577 4 0 36
5.889418 1329703798.017614 3 0 35
5.889418 1329703798.033941 2 1 35
5.930506 1329703798.036378 1 2 35
5.930506 1329703798.042581 0 3 35
5.968108 1329703798.051015 0 3 35
5.968108 1329703798.059541 -1 4 35
6.020511 1329703798.067658 -2 5 34
6.020511 1329703798.076022 -3 5 34
6.047262 1329703798.084632 -4 5 34
6.047262 1329703798.092617 -5 6 33
6.088886 1329703798.101011 -5 6 33
6.088886 1329703798.109408 -5 6 32
6.129913 1329703798.117453 -5 5 31
6.129913 1329703798.125973 -5 5 31
6.172428 1329703798.137809 -5 5 30
6.172428 1329703798.142588 -4 5 29
6.213725 1329703798.151003 -4 4 29
6.213725 1329703798.159405 -3 4 28
6.257514 1329703798.167456 -3 4 28
6.257514 1329703798.175838 -3 4 27
6.289053 1329703798.185092 -2 4 27
6.289053 1329703798.192736 -2 5 27
6.329798 1329703798.200872 -2 5 28
6.329798 1329703798.209375 -2 5 28
6.380174 1329703798.217379 -2 5 28
6.380174 1329703798.225785 -2 5 28
6.412521 1329703798.235191 -2 5 28
6.412521 1329703798.242637 -2 5 28
6.459443 1329703798.251620 -2 6 28
6.459443 1329703798.259234 -2 6 28
6.489328 1329703798.267883 -2 6 27
6.489328 1329703798.275817 -2 6 27
6.530416 1329703798.284245 -2 6 27
6.530416 1329703798.292360 -2 6 27
6.572342 1329703798.300350 -1 6 27
6.572342 1329703798.309182 -1 6 27
6.614258 1329703798.317218 -1 6 27
6.614258 1329703798.325445 -1 6 27
6.647702 1329703798.334090 -1 6 27
6.647702 1329703798.342296 -1 6 27
6.689267 1329703798.350429 -1 6 27
6.689267 1329703798.359050 0 6 27
6.730255 1329703798.367196 0 5 27
6.730255 1329703798.375233 0 5 27
6.776658 1329703798.383816 0 5 27
6.776658 1329703798.394033 0 5 27
6.818135 1329703798.400299 -1 5 27
6.818135 1329703798.408863 -1 6 27
6.849774 1329703798.417126 -1 6 27
6.849774 1329703798.425400 -1 6 27
6.887979 1329703798.433945 -1 6 27
6.887979 1329703798.442756 -1 6 26
6.928557 1329703798.450309 0 6 27
6.928557 1329703798.458793 0 6 26
6.972317 1329703798.467118 0 5 26
6.972317 1329703798.475307 0 5 26
7.013376 1329703798.483781 0 5 26
7.013376 1329703798.492141 0 5 26
7.047081 1329703798.500163 0 5 26
7.047081 1329703798.508747 0 5 26
7.088318 1329703798.516683 0 5 26
7.088318 1329703798.525253 0 5 26
7.129927 1329703798.533736 0 5 26
7.129927 1329703798.542254 0 5 26
7.172044 1329703798.559918 0 5 26
7.172044 1329703798.566842 0 5 26
7.213295 1329703798.575108 0 5 26
7.213295 1329703798.583280 0 5 26
7.260101 1329703798.592147 1 5 26
7.260101 1329703798.600792 1 5 26
7.288553 1329703798.608492 1 5 26
7.288553 1329703798.616943 1 5 26
7.333847 1329703798.625379 1 5 26
7.333847 1329703798.633297 1 5 26
7.371222 1329703798.641885 1 5 26
7.371222 1329703798.650467 0 4 26
7.413700 1329703798.658627 0 4 26
7.413700 1329703798.666723 0 4 26
7.454817 1329703798.675005 0 4 26
7.454817 1329703798.683365 0 4 26
7.488074 1329703798.691919 0 3 26
7.488074 1329703798.700605 0 3 26
7.529799 1329703798.708307 0 3 26
7.529799 1329703798.716930 0 3 26
7.571422 1329703798.725317 0 2 26
7.571422 1329703798.733348 0 2 26
7.613290 1329703798.741868 0 2 26
7.613290 1329703798.750461 0 2 26
7.654689 1329703798.761317 0 2 26
7.654689 1329703798.766670 1 2 26
7.687567 1329703798.775092 0 2 26
7.687567 1329703798.783253 0 2 25
7.729305 1329703798.792051 0 2 25
7.729305 1329703798.803453 0 2 25
7.770710 1329703798.809750 0 2 25
7.770710 1329703798.821332 -1 2 24
7.812226 1329703798.825148 -2 2 24
7.812226 1329703798.833159 -4 2 23
7.861573 1329703798.841911 -6 2 23
7.861573 1329703798.863352 -9 2 22
7.887260 1329703798.866626 -12 2 21
7.887260 1329703798.874915 -16 2 21
7.929016 1329703798.883370 -21 2 20
7.929016 1329703798.891368 -25 1 20
7.970108 1329703798.900475 -30 1 20
7.970108 1329703798.908596 -35 1 20
8.011579 1329703798.916536 -39 1 19
8.011579 1329703798.924868 -44 0 20
8.060953 1329703798.933477 -48 0 20
8.060953 1329703798.941342 -51 0 20
8.090131 1329703798.950093 -54 0 20
8.090131 1329703798.958211 -56 0 21
8.130582 1329703798.966318 -58 0 21
8.130582 1329703798.974940 -59 0 22
8.168969 1329703798.983322 -60 0 22
8.168969 1329703798.991276 -60 0 23
8.211254 1329703799.000029 -60 0 23
8.211254 1329703799.008295 -59 0 23
8.252474 1329703799.016161 -57 0 23
8.252474 1329703799.024940 -55 1 23
8.286297 1329703799.033023 -51 1 24
8.286297 1329703799.041388 -47 2 24
8.328353 1329703799.049978 -43 2 24
8.328353 1329703799.058350 -38 3 24
8.388547 1329703799.066256 -34 3 24
8.388547 1329703799.074631 -29 3 25
8.411578 1329703799.083176 -24 4 25
8.411578 1329703799.091197 -19 4 25
8.446972 1329703799.099939 -15 4 26
8.446972 1329703799.108268 -12 4 26
8.486493 1329703799.117007 -9 4 27
8.486493 1329703799.124517 -7 4 27
8.528028 1329703799.133363 -5 4 27
8.528028 1329703799.141086 -4 3 27
8.569745 1329703799.149702 -3 3 27
8.569745 1329703799.158054 -3 2 27
8.615501 1329703799.166308 -2 2 27
8.615501 1329703799.174649 -1 1 26
8.651000 1329703799.183106 -1 1 26
8.651000 1329703799.190988 -1 1 26
8.686283 1329703799.199864 -1 1 26
8.686283 1329703799.208852 0 1 26
8.728744 1329703799.216172 0 1 26
8.728744 1329703799.224457 0 1 26
8.781763 1329703799.232957 0 1 26
8.781763 1329703799.241300 0 1 26
8.811821 1329703799.249670 1 0 26
8.811821 1329703799.258043 1 0 26
8.851585 1329703799.266021 2 0 26
8.851585 1329703799.274541 2 0 26
8.886740 1329703799.283073 3 0 26
8.886740 1329703799.291087 3 0 26
8.928302 1329703799.299719 3 0 27
8.928302 1329703799.308086 2 0 27
8.969957 1329703799.321080 2 0 27
8.969957 1329703799.325342 2 0 27
9.012103 1329703799.332803 2 0 27
9.012103 1329703799.341343 1 0 27
9.053119 1329703799.349667 1 1 27
9.053119 1329703799.358082 1 1 27
9.086830 1329703799.366401 1 1 27
9.086830 1329703799.374390 1 1 27
9.128230 1329703799.382990 1 1 27
9.128230 1329703799.391294 1 1 27
9.169937 1329703799.399685 1 1 27
9.169937 1329703799.408094 1 1 27
9.212744 1329703799.416385 0 1 27
9.212744 1329703799.424449 0 1 27
9.253545 1329703799.432759 0 1 26
9.253545 1329703799.441179 0 1 26
9.286626 1329703799.449546 0 1 26
9.286626 1329703799.457982 0 1 26
9.328057 1329703799.466229 0 1 26
9.328057 1329703799.476873 0 1 26
9.377229 1329703799.482713 0 1 26
9.377229 1329703799.490930 0 1 26
9.413415 1329703799.499440 0 1 26
9.413415 1329703799.507780 0 1 26
9.456386 1329703799.516297 0 1 26
9.456386 1329703799.534532 0 1 26
9.486757 1329703799.540972 0 1 26
9.486757 1329703799.549068 0 1 26
9.528097 1329703799.557720 0 1 26
9.528097 1329703799.566067 1 1 26
9.584908 1329703799.574245 1 1 26
9.584908 1329703799.582328 0 1 26
9.611389 1329703799.590993 0 1 26
9.611389 1329703799.599178 1 1 26
9.654170 1329703799.607343 1 1 26
9.654170 1329703799.616205 1 1 26
9.696991 1329703799.624390 1 1 25
9.696991 1329703799.632764 1 2 25
9.727791 1329703799.641315 1 2 25
9.727791 1329703799.649118 1 2 25
9.769478 1329703799.657528 1 2 25
9.769478 1329703799.666148 1 2 25
9.811177 1329703799.674462 1 2 25
9.811177 1329703799.707603 1 2 25
9.852725 1329703799.709515 0 2 25
9.852725 1329703799.716099 0 2 25
9.894401 1329703799.724136 0 2 25
9.894401 1329703799.732456 0 2 25
9.927707 1329703799.740722 1 2 25
9.927707 1329703799.748946 0 2 25
9.969237 1329703799.769684 0 2 25
9.969237 1329703799.774049 0 2 25
10.010614 1329703799.782356 0 2 25
10.010614 1329703799.790738 1 2 25
10.052892 1329703799.799207 1 2 24
10.052892 1329703799.807046 1 2 24
10.093459 1329703799.815601 1 2 24
10.093459 1329703799.823613 1 2 24
10.127670 1329703799.832307 1 2 24
10.127670 1329703799.841226 1 2 24
10.167917 1329703799.848848 1 2 24
10.167917 1329703799.857447 1 2 24
10.210596 1329703799.865416 1 2 24
10.210596 1329703799.873745 0 2 23
10.251791 1329703799.882250 0 2 23
10.251791 1329703799.890689 0 1 22
10.293471 1329703799.898793 -2 1 22
10.293471 1329703799.907703 -3 1 22
10.327714 1329703799.925573 -5 1 21
10.327714 1329703799.932030 -7 1 21
10.368347 1329703799.940800 -10 2 20
10.368347 1329703799.949007 -13 2 19
10.409984 1329703799.957239 -17 2 19
10.409984 1329703799.971145 -21 2 18
10.451718 1329703799.973789 -25 2 17
10.451718 1329703799.981896 -29 2 17
10.504820 1329703799.990685 -33 2 17
10.504820 1329703799.998971 -38 2 16
10.527126 1329703800.007004 -42 2 16
10.527126 1329703800.015263 -46 1 16
10.567385 1329703800.023798 -50 1 16
10.567385 1329703800.032073 -53 0 17
10.608842 1329703800.040647 -56 0 17
10.608842 1329703800.049046 -58 0 18
10.661183 1329703800.057614 -60 0 19
10.661183 1329703800.065257 -61 0 20
10.691770 1329703800.077146 -62 0 21
10.691770 1329703800.081938 -62 0 21
10.727905 1329703800.090324 -61 0 22
10.727905 1329703800.098950 -60 0 22
10.766835 1329703800.106927 -58 0 23
10.766835 1329703800.115170 -56 0 23
10.808842 1329703800.125267 -52 0 23
10.808842 1329703800.131823 -48 0 23
10.851021 1329703800.140598 -44 0 23
10.851021 1329703800.148729 -39 0 23
10.893126 1329703800.157135 -33 0 23
10.893126 1329703800.165203 -28 1 23
10.934290 1329703800.183174 -23 1 23
10.934290 1329703800.193917 -19 1 24
10.967211 1329703800.199839 -15 1 24
10.967211 1329703800.207032 -12 1 24
11.009137 1329703800.214912 -9 1 24
11.009137 1329703800.223279 -7 1 24
11.050798 1329703800.232339 -5 0 24
11.050798 1329703800.241846 -4 0 24
11.092536 1329703800.248815 -3 0 24
11.092536 1329703800.256770 -2 0 24
11.134433 1329703800.264911 0 0 24
11.134433 1329703800.273275 0 0 24
11.167138 1329703800.281728 1 0 24
11.167138 1329703800.300328 2 0 24
11.209580 1329703800.307030 3 0 24
11.209580 1329703800.315267 3 0 24
11.246997 1329703800.323379 4 0 24
11.246997 1329703800.331549 4 0 24
11.292800 1329703800.340156 4 0 24
11.292800 1329703800.348171 3 0 24
11.334614 1329703800.360095 3 0 24
11.334614 1329703800.365324 2 0 24
11.375785 1329703800.373198 2 0 24
11.375785 1329703800.381777 1 0 24
11.411918 1329703800.389958 0 0 25
11.411918 1329703800.398199 0 0 25
11.463769 1329703800.416686 0 0 25
11.463769 1329703800.427606 0 0 25
11.492070 1329703800.431513 0 0 25
11.492070 1329703800.440179 0 0 25
11.537773 1329703800.448283 0 0 25
11.537773 1329703800.456395 0 0 25
11.567794 1329703800.465292 0 0 25
11.567794 1329703800.483705 0 0 25
11.609668 1329703800.490141 0 1 25
11.609668 1329703800.498220 -1 1 25
11.651025 1329703800.506820 -1 1 25
11.651025 1329703800.515183 -1 1 25
11.700975 1329703800.524425 -1 1 25
11.700975 1329703800.541814 -1 1 25
11.734197 1329703800.552723 -1 1 25
11.734197 1329703800.559273 -1 1 24
11.772519 1329703800.565381 -1 1 24
11.772519 1329703800.575693 -1 1 24
11.809444 1329703800.581985 -1 1 24
11.809444 1329703800.591153 -1 1 24
11.850832 1329703800.604817 0 1 24
11.850832 1329703800.607923 0 1 24
11.892222 1329703800.615356 0 1 24
11.892222 1329703800.624263 0 0 24
11.926049 1329703800.632411 -1 0 24
11.926049 1329703800.641036 -1 0 24
11.967205 1329703800.648808 -1 0 24
11.967205 1329703800.657511 -1 0 24
12.008775 1329703800.665558 -1 0 24
12.008775 1329703800.673743 -1 0 24
12.050608 1329703800.682186 -1 0 24
12.050608 1329703800.690555 -1 0 24
12.092565 1329703800.703003 -1 0 24
12.092565 1329703800.707008 -1 0 24
12.133960 1329703800.715362 -1 0 24
12.133960 1329703800.723609 -1 0 24
12.173213 1329703800.732231 -1 0 24
12.173213 1329703800.740534 -1 0 24
12.208835 1329703800.755413 -1 0 23
12.208835 1329703800.757857 -1 0 23
12.250565 1329703800.765378 -1 0 23
12.250565 1329703800.773635 -1 0 23
12.307149 1329703800.782168 -1 0 23
12.307149 1329703800.790681 -1 0 23
12.333848 1329703800.798691 -1 0 23
12.333848 1329703800.818326 -1 0 23
12.382193 1329703800.823861 -1 0 23
12.382193 1329703800.831619 -1 0 23
12.408692 1329703800.840542 -1 0 23
12.408692 1329703800.848590 0 0 23
12.450332 1329703800.864841 0 0 23
12.450332 1329703800.867511 0 1 23
12.491603 1329703800.874594 0 1 23
12.491603 1329703800.881844 0 1 24
12.533678 1329703800.891039 0 1 24
12.533678 1329703800.898801 0 1 24
12.574832 1329703800.907302 0 1 24
12.574832 1329703800.916153 0 1 24
12.607430 1329703800.924106 -1 1 24
12.607430 1329703800.931977 -1 1 24
12.650450 1329703800.940747 -1 1 24
12.650450 1329703800.948784 -1 0 24
12.691748 1329703800.965583 -1 0 24
12.691748 1329703800.980106 0 0 24
12.733221 1329703800.992437 0 0 24
12.733221 1329703800.998812 0 0 24
12.772719 1329703801.007233 0 0 24
12.772719 1329703801.015269 0 0 23
12.819209 1329703801.023882 0 0 23
12.819209 1329703801.049875 0 0 23
12.849543 1329703801.064703 0 0 22
12.849543 1329703801.067331 0 0 22
12.891168 1329703801.074410 0 0 22
12.891168 1329703801.082440 0 0 21
12.932993 1329703801.090829 -1 0 21
12.932993 1329703801.099175 -3 0 21
12.976370 1329703801.115125 -5 0 20
12.976370 1329703801.117843 -8 0 20
13.007629 1329703801.132921 -11 1 19
13.007629 1329703801.147474 -15 2 19
13.048810 1329703801.150652 -19 2 18
13.048810 1329703801.157311 -23 2 17
13.090842 1329703801.165882 -28 2 17
13.090842 1329703801.174174 -32 3 16
13.132534 1329703801.194365 -37 3 16
13.132534 1329703801.198979 -41 2 16
13.173574 1329703801.207570 -44 2 16
13.173574 1329703801.215411 -47 2 17
13.206926 1329703801.224215 -49 2 17
13.206926 1329703801.244109 -51 2 17
13.247856 1329703801.249825 -53 1 18
13.247856 1329703801.257421 -54 1 18
13.289460 1329703801.265479 -56 1 19
13.289460 1329703801.274103 -57 1 19
13.335159 1329703801.282479 -57 1 20
13.335159 1329703801.296845 -58 1 20
13.372589 1329703801.300116 -58 1 20
13.372589 1329703801.307266 -57 1 20
13.414602 1329703801.315277 -57 2 20
13.414602 1329703801.324070 -56 2 20
13.449113 1329703801.332377 -54 2 20
13.449113 1329703801.340266 -52 2 20
13.490232 1329703801.349071 -50 2 20
13.490232 1329703801.357354 -47 2 21
13.531892 1329703801.365491 -44 2 21
13.531892 1329703801.373664 -40 2 21
13.573477 1329703801.382578 -37 2 22
13.573477 1329703801.401175 -33 2 22
13.606837 1329703801.408431 -29 2 22
13.606837 1329703801.415611 -26 2 23
13.649846 1329703801.424190 -22 2 23
13.649846 1329703801.432154 -19 2 23
13.689964 1329703801.440683 -16 2 23
13.689964 1329703801.455909 -13 2 23
13.731334 1329703801.459068 -10 2 24
13.731334 1329703801.465221 -8 2 24
13.773018 1329703801.473570 -5 2 24
13.773018 1329703801.482121 -3 2 24
13.806425 1329703801.490449 -2 1 24
13.806425 1329703801.498472 -1 1 23
13.848221 1329703801.511594 0 1 23
13.848221 1329703801.535375 0 0 23
13.889621 1329703801.538986 1 0 23
13.889621 1329703801.552980 1 0 23
13.931856 1329703801.557675 2 0 22
13.931856 1329703801.565502 2 0 22
13.972896 1329703801.584557 2 -1 22
13.972896 1329703801.608639 2 -1 22
14.006801 1329703801.622923 2 -1 22
14.006801 1329703801.625998 2 -1 21
14.048500 1329703801.632039 2 -2 21
14.048500 1329703801.640445 2 -2 21
14.089940 1329703801.648698 2 -2 21
14.089940 1329703801.663611 2 -2 21
14.131832 1329703801.666350 2 -3 21
14.131832 1329703801.673321 1 -3 22
14.173225 1329703801.681889 1 -3 22
14.173225 1329703801.690288 1 -2 22
14.206797 1329703801.698523 1 -2 22
14.206797 1329703801.707248 1 -2 22
14.248773 1329703801.715238 1 -2 22
14.248773 1329703801.723575 0 -2 23
14.290077 1329703801.731742 0 -1 23
14.290077 1329703801.740277 0 -1 23
14.332134 1329703801.748341 0 -1 23
14.332134 1329703801.757759 0 -1 23
14.366477 1329703801.765222 0 -1 23
14.366477 1329703801.773356 0 -1 23
14.414316 1329703801.781957 0 -1 23
14.414316 1329703801.790135 0 -1 23
14.448030 1329703801.798511 0 -1 23
14.448030 1329703801.810189 0 -1 23
14.490388 1329703801.815259 -1 -1 23
14.490388 1329703801.823219 -1 -1 23
14.533009 1329703801.831681 -1 -1 23
14.533009 1329703801.841047 -1 -1 23
14.573055 1329703801.848296 0 -1 23
14.573055 1329703801.857740 0 -1 22
14.606611 1329703801.864982 0 -1 22
14.606611 1329703801.873721 0 -1 22
14.647766 1329703801.881557 0 -1 22
14.647766 1329703801.890193 0 -1 22
14.688718 1329703801.898333 0 -1 22
14.688718 1329703801.906963 0 -1 22
14.731375 1329703801.918259 0 -1 22
14.731375 1329703801.923402 0 -1 22
14.772958 1329703801.931407 0 -1 22
14.772958 1329703801.940152 0 -1 22
14.814711 1329703801.948268 0 -1 22
14.814711 1329703801.956705 0 -1 22
14.851827 1329703801.971593 0 -1 22
14.851827 1329703801.995042 0 -1 22
14.889612 1329703802.007361 0 -1 22
14.889612 1329703802.023388 0 -1 22
14.929494 1329703802.031364 0 -1 22
14.929494 1329703802.040190 0 -1 22
14.972687 1329703802.059204 0 -1 22
14.972687 1329703802.068854 0 -1 22
15.014090 1329703802.073230 0 -1 22
15.014090 1329703802.081297 0 -1 22
15.047594 1329703802.089906 0 -1 22
15.047594 1329703802.098619 0 -1 22
15.089759 1329703802.106172 0 -1 22
15.089759 1329703802.115157 0 0 22
15.130676 1329703802.122974 0 0 22
15.130676 1329703802.131113 0 0 22
15.179889 1329703802.139814 0 0 22
15.179889 1329703802.148545 0 0 21
15.218581 1329703802.156239 0 0 21
15.218581 1329703802.164919 0 0 21
15.247555 1329703802.176814 0 0 21
15.247555 1329703802.181187 0 0 21
15.289731 1329703802.189690 0 0 21
15.289731 1329703802.198204 0 0 21
15.339886 1329703802.206297 0 0 21
15.339886 1329703802.214818 0 0 22
15.372333 1329703802.222951 0 0 22
15.372333 1329703802.230956 0 0 22
15.413537 1329703802.239824 0 0 22
15.413537 1329703802.248337 0 0 22
15.447184 1329703802.256333 0 0 22
15.447184 1329703802.264770 0 0 22
15.488839 1329703802.272903 0 0 22
15.488839 1329703802.281189 0 0 21
15.530396 1329703802.289422 0 0 21
15.530396 1329703802.298110 0 0 21
15.571630 1329703802.306306 1 0 21
15.571630 1329703802.314587 1 0 21
15.613334 1329703802.323169 1 0 20
15.613334 1329703802.331045 0 1 20
15.646913 1329703802.339651 0 1 20
15.646913 1329703802.348217 -2 1 19
15.688553 1329703802.356872 -5 2 18
15.688553 1329703802.372071 -8 2 18
15.730080 1329703802.375088 -12 2 17
15.730080 1329703802.380922 -16 2 16
15.771734 1329703802.389556 -21 2 15
15.771734 1329703802.398179 -26 2 15
15.812993 1329703802.406188 -32 2 15
15.812993 1329703802.414550 -37 1 15
15.854225 1329703802.422398 -42 1 15
15.854225 1329703802.430741 -47 1 15
15.887282 1329703802.439293 -51 0 15
15.887282 1329703802.447997 -54 0 16
15.928792 1329703802.456090 -56 0 16
15.928792 1329703802.464273 -58 0 17
15.970668 1329703802.472574 -59 0 18
15.970668 1329703802.481192 -60 0 19
16.011701 1329703802.489496 -61 -1 19
16.011701 1329703802.497553 -60 -1 20
16.054132 1329703802.505591 -60 -1 20
16.054132 1329703802.514154 -58 -1 20
16.087356 1329703802.532380 -57 -1 20
16.087356 1329703802.538968 -54 -1 20
16.129135 1329703802.547167 -52 -1 20
16.129135 1329703802.555762 -48 -1 20
16.170980 1329703802.563738 -45 0 20
16.170980 1329703802.575073 -41 0 20
16.219429 1329703802.596499 -36 0 20
16.219429 1329703802.599035 -32 0 20
16.254280 1329703802.605394 -27 0 20
16.254280 1329703802.613892 -23 0 20
16.287530 1329703802.621999 -18 1 20
16.287530 1329703802.630197 -14 1 20
16.329194 1329703802.639239 -11 1 20
16.329194 1329703802.646857 -7 2 20
16.374904 1329703802.655934 -5 2 20
16.374904 1329703802.663990 -3 2 20
16.412475 1329703802.672477 -1 2 19
16.412475 1329703802.680378 0 2 19
16.454087 1329703802.688501 0 2 19
16.454087 1329703802.697005 0 2 19
16.490843 1329703802.704983 0 2 19
16.490843 1329703802.713737 1 3 19
16.529236 1329703802.721639 1 3 19
16.529236 1329703802.730251 2 3 19
16.570871 1329703802.738126 2 3 19
16.570871 1329703802.746580 2 3 19
16.612618 1329703802.754806 3 3 19
16.612618 1329703802.763435 3 3 19
16.653529 1329703802.771448 3 3 18
16.653529 1329703802.779701 3 3 18
16.687787 1329703802.795855 3 4 18
16.687787 1329703802.808805 2 4 18
16.728990 1329703802.821362 2 4 18
16.728990 1329703802.825081 1 4 18
16.770854 1329703802.835995 1 4 18
16.770854 1329703802.840137 0 5 18
16.812790 1329703802.850945 0 5 18
16.812790 1329703802.865190 0 5 18
16.857999 1329703802.887056 0 6 18
16.857999 1329703802.898046 0 6 18
16.887741 1329703802.903912 0 6 18
16.887741 1329703802.912402 0 6 18
16.928679 1329703802.920489 0 7 18
16.928679 1329703802.928997 0 7 18
16.971694 1329703802.937214 -1 7 18
16.971694 1329703802.946120 -1 7 18
17.012345 1329703802.953989 -1 7 19
17.012345 1329703802.962383 -1 7 19
17.057905 1329703802.970801 -2 7 19
17.057905 1329703802.978952 -2 7 20
17.087441 1329703802.987377 -2 6 20
17.087441 1329703802.999125 -2 6 20
17.129123 1329703803.004022 -2 6 20
17.129123 1329703803.012633 -3 6 20
17.174087 1329703803.021063 -3 6 20
17.174087 1329703803.029412 -3 5 20
17.212095 1329703803.037622 -2 5 20
17.212095 1329703803.046517 -2 5 20
17.254609 1329703803.054515 -2 5 20
17.254609 1329703803.063258 -2 5 20
17.287994 1329703803.071032 -2 4 20
17.287994 1329703803.079522 -1 4 20
17.328832 1329703803.099940 -1 4 20
17.328832 1329703803.123494 -1 4 20
17.371284 1329703803.135629 -1 4 20
17.371284 1329703803.140414 -1 4 20
17.411924 1329703803.146443 -1 4 20
17.411924 1329703803.154582 -1 4 20
17.454485 1329703803.170042 -1 4 20
17.454485 1329703803.181889 -1 4 20
17.486710 1329703803.188333 -1 4 20
17.486710 1329703803.196715 -1 4 20
17.528960 1329703803.204851 -1 4 20
17.528960 1329703803.213499 -1 4 20
17.569929 1329703803.221446 -1 4 20
17.569929 1329703803.230209 -1 4 20
17.612113 1329703803.237981 -1 4 20
17.612113 1329703803.246804 -1 4 20
17.653445 1329703803.254695 -1 4 20
17.653445 1329703803.262955 -1 4 20
17.693182 1329703803.272548 -1 4 20
17.693182 1329703803.280015 -1 4 20
17.728541 1329703803.287947 -1 4 20
17.728541 1329703803.296500 -1 3 20
17.770236 1329703803.304668 -1 3 20
17.770236 1329703803.313059 -1 3 21
17.811976 1329703803.321424 -1 3 21
17.811976 1329703803.336136 -1 3 21
17.861336 1329703803.350348 -1 3 21
17.861336 1329703803.373545 -1 3 21
17.888065 1329703803.385944 -1 3 21
17.888065 1329703803.390553 -1 4 21
17.938935 1329703803.396339 -1 4 21
17.938935 1329703803.408240 -1 4 21
17.970319 1329703803.413105 -1 4 21
17.970319 1329703803.421211 -1 4 20
18.011593 1329703803.430098 -1 4 20
18.011593 1329703803.438088 -1 4 20
18.053337 1329703803.446435 -1 4 20
18.053337 1329703803.454455 -1 4 21
18.086984 1329703803.463542 -1 4 21
18.086984 1329703803.471211 -1 4 21
18.131420 1329703803.480096 -1 4 21
18.131420 1329703803.487828 -1 3 21
18.173297 1329703803.496392 -2 3 21
18.173297 1329703803.516603 -2 3 21
18.211193 1329703803.521247 -3 2 21
18.211193 1329703803.529917 -2 2 21
18.253330 1329703803.538178 -2 2 22
18.253330 1329703803.546671 -2 1 22
18.305639 1329703803.554919 -2 1 22
18.305639 1329703803.568010 -2 1 22
18.328182 1329703803.571420 -2 1 22
18.328182 1329703803.586474 -2 2 22
18.369331 1329703803.600539 -2 2 22
18.369331 1329703803.615055 -3 2 21
18.410807 1329703803.621633 -3 3 21
18.410807 1329703803.630081 -4 3 21
18.452253 1329703803.638366 -5 3 20
18.452253 1329703803.646685 -6 3 20
18.500283 1329703803.654923 -9 3 19
18.500283 1329703803.663223 -12 2 19
18.527723 1329703803.671532 -15 2 18
18.527723 1329703803.680290 -19 1 18
18.568681 1329703803.695854 -24 1 17
18.568681 1329703803.698989 -28 0 17
18.610956 1329703803.704876 -33 0 17
18.610956 1329703803.713379 -37 0 17
18.658800 1329703803.721540 -41 -1 18
18.658800 1329703803.730219 -45 -1 18
18.694155 1329703803.738116 -48 -2 19
18.694155 1329703803.746924 -51 -2 20
18.727664 1329703803.754819 -53 -3 21
18.727664 1329703803.763289 -54 -3 21
18.767908 1329703803.771289 -55 -3 22
18.767908 1329703803.788056 -55 -4 23
18.808916 1329703803.791242 -55 -4 23
18.808916 1329703803.796530 -54 -4 24
18.858057 1329703803.804712 -53 -4 24
18.858057 1329703803.813171 -51 -3 24
18.893297 1329703803.821763 -48 -3 23
18.893297 1329703803.829856 -45 -3 23
18.926617 1329703803.838541 -42 -2 23
18.926617 1329703803.846622 -38 -1 22
18.968667 1329703803.854618 -34 0 22
18.968667 1329703803.863135 -31 0 22
19.009967 1329703803.871695 -27 0 22
19.009967 1329703803.880079 -23 1 21
19.051458 1329703803.896692 -20 2 22
19.051458 1329703803.904853 -17 2 22
19.086536 1329703803.912946 -14 3 22
19.086536 1329703803.921868 -11 3 23
19.129511 1329703803.929499 -9 3 23
19.129511 1329703803.938352 -7 3 24
19.168117 1329703803.947718 -6 3 24
19.168117 1329703803.954980 -5 2 24
19.210066 1329703803.963120 -3 2 24
19.210066 1329703803.971683 -3 1 24
19.251871 1329703803.979654 -2 1 24
19.251871 1329703803.988489 -1 1 24
19.293580 1329703803.996531 -1 1 24
19.293580 1329703804.004631 0 1 23
19.326965 1329703804.012964 0 1 23
19.326965 1329703804.021443 0 1 23
19.368641 1329703804.029539 0 2 23
19.368641 1329703804.038240 0 2 22
19.410598 1329703804.046348 0 2 22
19.410598 1329703804.057133 1 2 22
19.452222 1329703804.063107 1 3 22
19.452222 1329703804.071257 1 3 22
19.493827 1329703804.079189 1 4 22
19.493827 1329703804.088235 0 4 22
19.530041 1329703804.096379 0 4 22
19.530041 1329703804.112119 0 5 22
19.567998 1329703804.135800 0 5 22
19.567998 1329703804.148313 0 5 22
19.610934 1329703804.154355 0 5 22
19.610934 1329703804.163102 0 6 22
19.646942 1329703804.171126 0 6 22
19.646942 1329703804.179727 0 6 23
19.687791 1329703804.191267 0 5 23
19.687791 1329703804.196392 0 5 23
19.727469 1329703804.204157 0 4 23
19.727469 1329703804.212942 0 4 23
19.768207 1329703804.221556 0 3 23
19.768207 1329703804.229699 0 3 23
19.807075 1329703804.237622 0 2 22
19.807075 1329703804.246122 0 2 22
19.851357 1329703804.254554 0 2 22
19.851357 1329703804.262983 0 2 22
19.893799 1329703804.270989 0 2 21
19.893799 1329703804.279683 0 1 21
19.961257 1329703804.287578 0 1 21
19.961257 1329703804.319777 0 1 21
19.975776 1329703804.333796 0 1 21
19.975776 1329703804.337841 0 1 21
20.009753 1329703804.346310 0 1 21
20.009753 1329703804.354585 0 1 21
20.051380 1329703804.362633 0 1 21
20.051380 1329703804.381591 0 1 21
20.092847 1329703804.389088 0 1 20
20.092847 1329703804.396205 0 1 20
20.127026 1329703804.404410 0 1 20
20.127026 1329703804.412872 0 1 20
20.170239 1329703804.421333 0 1 20
20.170239 1329703804.431890 0 1 20
20.209376 1329703804.437315 0 1 20
20.209376 1329703804.445943 0 1 20
20.251493 1329703804.454471 0 1 20
20.251493 1329703804.462750 0 1 20
20.293085 1329703804.470966 0 1 20
20.293085 1329703804.479604 0 1 20
20.334438 1329703804.487738 0 1 20
20.334438 1329703804.495830 0 1 20
20.366881 1329703804.504438 0 1 20
20.366881 1329703804.512646 0 1 20
20.409215 1329703804.520567 0 1 20
20.409215 1329703804.529279 0 1 20
20.451012 1329703804.537451 0 1 20
20.451012 1329703804.546065 0 1 20
20.492577 1329703804.554334 0 1 20
20.492577 1329703804.562548 0 2 20
20.527735 1329703804.570395 0 2 20
20.527735 1329703804.579370 0 2 20
20.575065 1329703804.587595 0 2 20
20.575065 1329703804.595933 0 2 20
20.609180 1329703804.604389 0 2 20
20.609180 1329703804.612710 0 2 20
20.651229 1329703804.620630 0 2 20
20.651229 1329703804.629295 0 2 20
20.692699 1329703804.637377 -1 2 20
20.692699 1329703804.645459 -1 2 20
20.733055 1329703804.654299 -1 2 19
20.733055 1329703804.662541 -1 2 19
20.767823 1329703804.670759 -2 2 19
20.767823 1329703804.693210 -2 2 19
20.808867 1329703804.696135 -2 1 19
20.808867 1329703804.704171 -1 1 19
20.850745 1329703804.712591 -1 1 19
20.850745 1329703804.720976 -1 0 19
20.900873 1329703804.728867 -1 0 19
20.900873 1329703804.737404 -2 0 19
20.933893 1329703804.745550 -2 0 19
20.933893 1329703804.754179 -2 0 19
20.967324 1329703804.762402 -3 0 19
20.967324 1329703804.770646 -3 -1 19
21.008423 1329703804.778499 -4 -1 18
21.008423 1329703804.787776 -5 -2 18
21.050446 1329703804.795392 -6 -2 18
21.050446 1329703804.804085 -7 -2 17
21.090308 1329703804.812264 -9 -2 16
21.090308 1329703804.820773 -11 -2 16
21.133112 1329703804.828384 -14 -2 15
21.133112 1329703804.837549 -18 -2 14
21.166824 1329703804.845577 -21 -2 14
21.166824 1329703804.854015 -25 -2 13
21.208561 1329703804.862502 -29 -2 13
21.208561 1329703804.870588 -33 -2 13
21.249633 1329703804.887380 -37 -3 13
21.249633 1329703804.902807 -41 -3 13
21.290846 1329703804.915660 -45 -4 14
21.290846 1329703804.929694 -49 -4 15
21.332198 1329703804.945483 -52 -5 15
21.332198 1329703804.948328 -54 -5 16
21.374033 1329703804.960594 -56 -5 16
21.374033 1329703804.965986 -57 -5 17
21.414730 1329703804.978641 -58 -4 17
21.414730 1329703804.986759 -57 -4 17
21.460419 1329703804.995456 -56 -4 17
21.460419 1329703805.003413 -55 -4 18
21.490760 1329703805.011495 -52 -4 18
21.490760 1329703805.028398 -49 -3 17
21.532513 1329703805.039971 -46 -3 17
21.532513 1329703805.054784 -42 -2 17
21.592071 1329703805.061698 -37 -1 17
21.592071 1329703805.069758 -32 -1 17
21.618642 1329703805.077732 -28 0 17
21.618642 1329703805.088512 -23 0 17
21.651188 1329703805.095611 -19 1 17
21.651188 1329703805.103338 -15 2 18
21.707521 1329703805.112116 -12 3 18
21.707521 1329703805.120027 -9 3 18
21.732833 1329703805.128454 -7 4 19
21.732833 1329703805.136533 -5 4 19
21.776409 1329703805.144840 -5 5 19
21.776409 1329703805.153371 -4 5 20
21.808270 1329703805.161557 -3 5 20
21.808270 1329703805.169867 -3 5 20
21.849144 1329703805.177874 -3 5 20
21.849144 1329703805.186679 -3 5 19
21.891183 1329703805.194747 -3 5 19
21.891183 1329703805.203004 -2 5 19
21.931709 1329703805.211543 -2 4 19
21.931709 1329703805.220074 -2 4 19
21.967469 1329703805.239731 -2 4 18
21.967469 1329703805.244625 -2 4 18
22.007969 1329703805.252941 -2 4 18
22.007969 1329703805.261109 -2 4 18
22.048770 1329703805.268978 -2 4 18
22.048770 1329703805.283933 -1 4 18
22.092753 1329703805.285851 -1 4 18
22.092753 1329703805.294007 -1 4 18
22.130750 1329703805.302309 -1 4 18
22.130750 1329703805.311318 -1 4 18
22.174349 1329703805.318789 -2 4 18
22.174349 1329703805.327466 -1 5 18
22.207394 1329703805.335036 -1 5 19
22.207394 1329703805.343715 -1 4 19
22.249458 1329703805.351795 -1 4 19
22.249458 1329703805.360368 -1 4 19
22.305227 1329703805.368619 0 4 19
22.305227 1329703805.377208 0 4 19
22.332165 1329703805.396103 0 4 19
22.332165 1329703805.401945 0 3 19
22.374132 1329703805.414858 0 3 19
22.374132 1329703805.418339 0 3 19
22.407468 1329703805.426660 0 3 19
22.407468 1329703805.435288 -1 3 19
22.451334 1329703805.443696 -1 3 19
22.451334 1329703805.451939 -1 3 19
22.490918 1329703805.462710 -1 3 19
22.490918 1329703805.468324 -2 3 19
22.532352 1329703805.477028 -2 3 19
22.532352 1329703805.485158 -2 4 19
22.585772 1329703805.493337 -2 4 19
22.585772 1329703805.501812 -2 4 19
22.609449 1329703805.510407 -2 4 19
22.609449 1329703805.518774 -2 4 19
22.649468 1329703805.527373 -2 4 19
22.649468 1329703805.535929 -1 4 19
22.690477 1329703805.543727 -1 4 19
22.690477 1329703805.552232 -1 4 19
22.732154 1329703805.560701 -1 4 19
22.732154 1329703805.569213 -1 4 19
22.776407 1329703805.577806 -1 4 19
22.776407 1329703805.585979 -1 4 19
22.807142 1329703805.593850 -1 4 19
22.807142 1329703805.602771 -1 3 19
22.848770 1329703805.611067 -1 3 19
22.848770 1329703805.619468 -1 3 19
22.889947 1329703805.627989 -1 3 19
22.889947 1329703805.636051 -1 3 19
22.932385 1329703805.644027 -1 3 19
22.932385 1329703805.652619 -1 3 19
22.973621 1329703805.660835 -1 3 19
22.973621 1329703805.669340 -1 3 19
23.007152 1329703805.677378 -1 3 19
23.007152 1329703805.685889 -1 3 19
23.063329 1329703805.693762 -1 3 19
23.063329 1329703805.702204 -1 3 19
23.090131 1329703805.710820 -1 3 19
23.090131 1329703805.719325 -1 3 19
23.131494 1329703805.727338 -1 3 19
23.131494 1329703805.735904 -1 3 19
23.173413 1329703805.744012 -1 3 19
23.173413 1329703805.752265 -1 3 19
23.206844 1329703805.760893 -1 3 19
23.206844 1329703805.769109 -1 3 19
23.248333 1329703805.777481 -1 3 19
23.248333 1329703805.785770 -1 3 19
23.289968 1329703805.794622 -1 3 19
23.289968 1329703805.802167 0 3 19
23.330953 1329703805.811261 0 3 19
23.330953 1329703805.819217 0 2 19
23.367159 1329703805.827416 0 2 19
23.367159 1329703805.835869 0 2 19
23.408553 1329703805.844291 0 2 19
23.408553 1329703805.852303 -1 2 19
23.449403 1329703805.861073 -1 2 19
23.449403 1329703805.869415 -1 1 19
23.489861 1329703805.877596 -1 1 19
23.489861 1329703805.885790 -1 0 19
23.531610 1329703805.894096 -1 0 19
23.531610 1329703805.902189 0 0 19
23.573697 1329703805.910817 0 0 18
23.573697 1329703805.919416 0 -1 18
23.614708 1329703805.927525 0 -1 18
23.614708 1329703805.935491 0 -1 17
23.655790 1329703805.944426 0 -1 17
23.655790 1329703805.952276 -1 -1 16
23.689323 1329703805.964148 -1 -1 16
23.689323 1329703805.969388 -2 -1 15
23.730907 1329703805.981829 -3 0 15
23.730907 1329703805.985789 -3 0 14
23.772743 1329703805.993582 -5 0 13
23.772743 1329703806.002164 -6 0 13
23.810684 1329703806.010543 -9 0 12
23.810684 1329703806.019010 -12 0 12
23.851705 1329703806.027671 -15 0 11
23.851705 1329703806.036042 -19 0 11
23.888752 1329703806.054674 -23 0 11
23.888752 1329703806.061001 -27 -1 10
23.930284 1329703806.069491 -32 -1 10
23.930284 1329703806.077410 -36 -2 10
23.971968 1329703806.086429 -40 -2 10
23.971968 1329703806.094505 -43 -3 10
24.005906 1329703806.110597 -46 -3 10
24.005906 1329703806.134331 -49 -4 10
24.046587 1329703806.146860 -51 -4 10
24.046587 1329703806.153439 -52 -4 10
24.087964 1329703806.161089 -53 -3 11
24.087964 1329703806.169369 -53 -3 11
24.129637 1329703806.177501 -52 -3 10
24.129637 1329703806.198788 -51 -2 10
24.177057 1329703806.211763 -49 -2 10
24.177057 1329703806.226917 -47 -1 10
24.214126 1329703806.229815 -44 0 10
24.214126 1329703806.242272 -40 0 10
24.246861 1329703806.245148 -37 0 10
24.246861 1329703806.260162 -33 0 11
24.288910 1329703806.272646 -29 1 11
24.288910 1329703806.279705 -25 1 11
24.337800 1329703806.286069 -21 2 12
24.337800 1329703806.294475 -18 3 12
24.366178 1329703806.302667 -15 3 13
24.366178 1329703806.310599 -13 4 14
24.407139 1329703806.319627 -11 4 14
24.407139 1329703806.327799 -10 4 14
24.447050 1329703806.335993 -9 4 15
24.447050 1329703806.344570 -9 4 15
24.488665 1329703806.352394 -8 3 15
24.488665 1329703806.360542 -8 3 15
24.528802 1329703806.380449 -7 2 16
24.528802 1329703806.385933 -6 2 15
24.576376 1329703806.394552 -6 1 15
24.576376 1329703806.402746 -5 1 15
24.607018 1329703806.410915 -4 1 15
24.607018 1329703806.418852 -3 1 15
24.653934 1329703806.435842 -3 1 14
24.653934 1329703806.438778 -3 1 14
24.707657 1329703806.444316 -3 1 14
24.707657 1329703806.452789 -3 1 14
24.730496 1329703806.460502 -3 2 14
24.730496 1329703806.469095 -3 2 14
24.772002 1329703806.477540 -3 2 14
24.772002 1329703806.492395 -3 3 14
24.813491 1329703806.507422 -3 3 15
24.813491 1329703806.521623 -3 3 15
24.846891 1329703806.527292 -3 3 15
24.846891 1329703806.535329 -3 3 15
24.888091 1329703806.544249 -3 4 15
24.888091 1329703806.552622 -3 4 15
24.930801 1329703806.560695 -3 3 15
24.930801 1329703806.569131 -3 3 15
24.972552 1329703806.577267 -4 3 15
24.972552 1329703806.585642 -4 2 15
25.012652 1329703806.593946 -4 2 15
25.012652 1329703806.602483 -4 1 15
25.051702 1329703806.610812 -4 1 15
25.051702 1329703806.619188 -4 1 15
25.088842 1329703806.627150 -4 0 15
25.088842 1329703806.635584 -4 0 15
25.129867 1329703806.643919 -3 0 16
25.129867 1329703806.652758 -3 0 16
25.171422 1329703806.660855 -3 0 15
25.171422 1329703806.669125 -3 1 15
25.213393 1329703806.687459 -4 1 15
25.213393 1329703806.693884 -4 1 15
25.249590 1329703806.702159 -4 1 15
25.249590 1329703806.711060 -4 1 15
25.288644 1329703806.719114 -3 1 15
25.288644 1329703806.727483 -3 1 15
25.330344 1329703806.739227 -3 0 15
25.330344 1329703806.743643 -3 0 15
25.371495 1329703806.752426 -3 0 15
25.371495 1329703806.760769 -3 0 15
25.413220 1329703806.769083 -3 0 15
25.413220 1329703806.777197 -3 0 15
25.460569 1329703806.785558 -3 0 15
25.460569 1329703806.793525 -3 0 15
25.488487 1329703806.802274 -3 0 15
25.488487 1329703806.810680 -3 0 15
25.529443 1329703806.818850 -3 0 15
25.529443 1329703806.827451 -3 0 15
25.568671 1329703806.835335 -2 0 14
25.568671 1329703806.843434 -2 0 15
25.612724 1329703806.851915 -2 0 15
25.612724 1329703806.860800 -2 0 15
25.660598 1329703806.868921 -2 0 15
25.660598 1329703806.884858 -2 0 15
25.687864 1329703806.908022 -2 0 15
25.687864 1329703806.922642 -2 0 15
25.729656 1329703806.926823 -2 0 15
25.729656 1329703806.935564 -2 0 15
25.768331 1329703806.943743 -2 0 15
25.768331 1329703806.952005 -2 1 15
25.812654 1329703806.964270 -2 1 15
25.812654 1329703806.968690 -2 1 15
25.845958 1329703806.976627 -2 1 15
25.845958 1329703806.985539 -2 1 15
25.906054 1329703806.993480 -2 1 15
25.906054 1329703807.001669 -2 1 15
25.930310 1329703807.017962 -2 1 15
25.930310 1329703807.041988 -2 1 15
25.971303 1329703807.054194 -2 1 15
25.971303 1329703807.060426 -2 2 14
26.020254 1329703807.068765 -2 2 14
26.020254 1329703807.076632 -2 2 14
26.054856 1329703807.085608 -1 2 14
26.054856 1329703807.117090 -1 2 14
26.087659 1329703807.131643 -1 3 14
26.087659 1329703807.135229 -1 3 15
26.128900 1329703807.143632 -1 3 15
26.128900 1329703807.151521 0 3 15
26.170284 1329703807.160509 0 3 15
26.170284 1329703807.178796 0 3 15
26.212373 1329703807.185274 0 3 15
26.212373 1329703807.193836 0 3 15
26.253873 1329703807.201836 0 3 15
26.253873 1329703807.210073 0 3 14
26.287710 1329703807.218834 -1 2 14
26.287710 1329703807.226635 -1 2 14
26.329824 1329703807.234966 -1 2 14
26.329824 1329703807.243745 -1 2 14
26.376413 1329703807.252259 -1 2 13
26.376413 1329703807.260052 -2 2 13
26.411678 1329703807.268561 -3 2 12
26.411678 1329703807.276600 -4 2 12
26.453459 1329703807.293868 -6 2 11
26.453459 1329703807.309778 -8 2 11
26.486410 1329703807.342380 -11 2 10
26.486410 1329703807.354480 -14 2 10
26.528155 1329703807.360344 -17 1 9
26.528155 1329703807.368317 -20 0 9
26.577608 1329703807.376612 -24 0 8
26.577608 1329703807.385314 -28 0 8
26.610767 1329703807.392958 -33 0 8
26.610767 1329703807.401480 -37 -1 8
26.652434 1329703807.409674 -41 -1 8
26.652434 1329703807.418530 -45 -1 8
26.693463 1329703807.426676 -48 -2 8
26.693463 1329703807.434906 -51 -2 8
26.727488 1329703807.443017 -53 -2 9
26.727488 1329703807.451310 -54 -2 9
26.768160 1329703807.459951 -55 -1 9
26.768160 1329703807.468166 -55 -1 9
26.810278 1329703807.476750 -55 -1 9
26.810278 1329703807.507579 -54 0 9
26.851675 1329703807.530715 -53 0 9
26.851675 1329703807.554005 -51 0 9
26.894173 1329703807.568843 -49 0 9
26.894173 1329703807.576377 -46 0 9
26.927676 1329703807.584542 -43 1 9
26.927676 1329703807.600111 -40 1 9
26.969038 1329703807.613792 -36 2 10
26.969038 1329703807.617074 -32 2 10
27.011646 1329703807.625958 -29 2 10
27.011646 1329703807.634416 -25 3 11
27.052320 1329703807.642404 -22 3 11
27.052320 1329703807.650817 -19 3 12
27.093940 1329703807.659182 -16 3 12
27.093940 1329703807.667870 -14 4 13
27.127695 1329703807.675783 -11 4 13
27.127695 1329703807.684297 -10 4 14
27.168939 1329703807.692723 -8 3 14
27.168939 1329703807.711211 -7 3 14
27.211278 1329703807.717382 -6 3 15
27.211278 1329703807.729191 -5 2 15
27.255372 1329703807.734066 -5 2 15
27.255372 1329703807.742448 -4 2 16
27.298018 1329703807.750891 -4 1 16
27.298018 1329703807.770901 -3 1 16
27.328252 1329703807.777305 -3 1 15
27.328252 1329703807.783705 -2 1 15
27.375859 1329703807.792564 -2 1 15
27.375859 1329703807.800750 -1 1 15
27.410908 1329703807.809036 -1 1 14
27.410908 1329703807.817397 0 1 14
27.452493 1329703807.825749 0 1 14
27.452493 1329703807.833837 0 1 14
27.492408 1329703807.842399 0 1 14
27.492408 1329703807.850531 0 1 14
27.531363 1329703807.858941 0 0 14
27.531363 1329703807.867476 0 0 14
27.569985 1329703807.875099 0 1 14
27.569985 1329703807.883347 0 1 14
27.610702 1329703807.892277 0 1 15
27.610702 1329703807.900452 0 1 15
27.652600 1329703807.908445 0 1 15
27.652600 1329703807.917544 0 1 15
27.686090 1329703807.924998 0 1 15
27.686090 1329703807.933182 0 1 15
27.728426 1329703807.941798 0 1 16
27.728426 1329703807.949940 0 0 16
27.769384 1329703807.958124 0 0 15
27.769384 1329703807.971156 0 0 15
27.810442 1329703807.974527 0 0 15
27.810442 1329703807.982785 0 1 15
27.852066 1329703807.991609 0 1 15
27.852066 1329703807.999803 0 1 14
27.887781 1329703808.007968 0 1 14
27.887781 1329703808.016301 0 1 14
27.940184 1329703808.024383 0 1 14
27.940184 1329703808.032587 0 1 14
27.968643 1329703808.050369 0 1 14
27.968643 1329703808.051822 0 1 14
28.010555 1329703808.057973 0 1 14
28.010555 1329703808.069994 0 2 14
28.047754 1329703808.074168 0 2 14
28.047754 1329703808.082824 0 2 14
28.093342 1329703808.091380 0 2 14
28.093342 1329703808.099585 0 1 14
28.127021 1329703808.107633 0 1 14
28.127021 1329703808.125099 0 1 14
28.179281 1329703808.138409 0 1 14
28.179281 1329703808.141057 0 1 14
28.227756 1329703808.149549 0 1 14
28.227756 1329703808.158203 0 1 14
28.257820 1329703808.166518 0 1 14
28.257820 1329703808.175552 0 0 14
28.293217 1329703808.183940 0 0 14
28.293217 1329703808.191519 0 0 14
28.327096 1329703808.199990 0 0 14
28.327096 1329703808.208280 0 0 14
28.368406 1329703808.216557 0 1 13
28.368406 1329703808.225064 0 1 14
28.411161 1329703808.234359 0 1 14
28.411161 1329703808.241448 0 1 14
28.459705 1329703808.250103 0 1 14
28.459705 1329703808.258461 0 2 14
28.493443 1329703808.266787 0 2 14
28.493443 1329703808.275154 0 2 14
28.527704 1329703808.283290 0 2 14
28.527704 1329703808.291942 0 2 14
28.568433 1329703808.300271 0 2 14
28.568433 1329703808.308452 0 2 14
28.609478 1329703808.316725 0 2 14
28.609478 1329703808.325526 0 2 14
28.651503 1329703808.333660 0 2 14
28.651503 1329703808.341707 0 2 14
28.693673 1329703808.350044 0 2 14
28.693673 1329703808.358792 0 2 14
28.726755 1329703808.366645 0 2 13
28.726755 1329703808.375310 0 2 13
28.768073 1329703808.384683 0 2 13
28.768073 1329703808.391653 0 2 13
28.810622 1329703808.400884 0 2 13
28.810622 1329703808.408327 0 2 13
28.859881 1329703808.417061 0 2 13
28.859881 1329703808.424949 0 2 13
28.894506 1329703808.433296 -1 2 13
28.894506 1329703808.441589 -2 2 13
28.952555 1329703808.449730 -3 2 13
28.952555 1329703808.458260 -4 1 13
28.967483 1329703808.466233 -5 1 13
28.967483 1329703808.474756 -6 0 13
29.009373 1329703808.494344 -7 0 13
29.009373 1329703808.499895 -8 0 13
29.051817 1329703808.508016 -10 0 12
29.051817 1329703808.516226 -11 0 12
29.098742 1329703808.524803 -13 -1 12
29.098742 1329703808.533013 -15 -1 12
29.125981 1329703808.541411 -18 -2 11
29.125981 1329703808.549722 -21 -2 11
29.167643 1329703808.558102 -24 -3 11
29.167643 1329703808.566037 -28 -4 10
29.208287 1329703808.574759 -32 -5 10
29.208287 1329703808.583120 -36 -7 10
29.249658 1329703808.591339 -40 -8 10
29.249658 1329703808.599575 -43 -9 11
29.292378 1329703808.607995 -47 -9 12
29.292378 1329703808.616461 -50 -10 13
29.332769 1329703808.624667 -52 -10 13
29.332769 1329703808.632953 -55 -10 14
29.365917 1329703808.646049 -57 -10 14
29.365917 1329703808.650146 -58 -10 15
29.407404 1329703808.658136 -60 -10 15
29.407404 1329703808.666706 -60 -10 15
29.458519 1329703808.674671 -61 -9 15
29.458519 1329703808.683107 -61 -9 15
29.491015 1329703808.691277 -59 -8 15
29.532480 1329703808.699715 -57 -7 15
29.532480 1329703808.707955 -55 -7 14
29.572703 1329703808.716533 -53 -6 14
29.572703 1329703808.724970 -49 -5 14
29.608881 1329703808.733348 -46 -5 14
29.608881 1329703808.741693 -42 -4 13
29.649779 1329703808.750647 -38 -3 13
29.649779 1329703808.758480 -35 -2 12
29.691620 1329703808.767133 -31 -2 12
29.691620 1329703808.775171 -28 -1 12
29.731044 1329703808.783379 -25 0 12
29.731044 1329703808.792986 -22 0 12
29.766434 1329703808.800064 -19 0 13
29.766434 1329703808.808482 -17 0 13
29.808478 1329703808.816577 -15 0 13
29.808478 1329703808.824944 -12 0 13
29.850111 1329703808.835382 -11 0 13
29.850111 1329703808.841444 -9 0 14
29.905677 1329703808.850058 -7 0 13
29.905677 1329703808.858497 -5 1 13
29.933649 1329703808.866733 -4 1 13
29.933649 1329703808.874910 -3 1 13
29.967724 1329703808.883477 -2 1 13
29.967724 1329703808.891276 -2 2 13
30.008476 1329703808.900007 -1 2 13
30.008476 1329703808.908269 -1 2 13
30.052343 1329703808.916749 -1 2 13
30.052343 1329703808.924865 -1 2 13
30.095028 1329703808.934224 -1 2 13
30.095028 1329703808.941776 -1 2 13
30.133669 1329703808.949815 0 2 13
30.133669 1329703808.958449 0 2 13
30.167030 1329703808.967036 0 2 13
30.167030 1329703808.974829 0 2 13
30.208458 1329703808.983675 0 3 13
30.208458 1329703808.991785 1 3 13
30.250454 1329703809.000353 1 3 13
30.250454 1329703809.008405 1 3 13
30.299259 1329703809.016917 1 3 13
30.299259 1329703809.025110 1 3 13
30.335913 1329703809.033146 1 3 13
30.335913 1329703809.042451 1 3 13
30.369055 1329703809.049847 1 4 13
30.369055 1329703809.058530 1 4 13
30.408646 1329703809.066994 1 4 13
30.408646 1329703809.075279 1 4 13
30.449468 1329703809.101274 1 4 13
30.449468 1329703809.125585 0 5 13
30.491527 1329703809.149235 0 5 13
30.491527 1329703809.163911 1 5 13
30.532126 1329703809.166848 1 5 13
30.532126 1329703809.175200 1 5 13
30.566478 1329703809.183098 1 5 13
30.566478 1329703809.191754 1 5 13
30.608050 1329703809.199826 1 5 13
30.608050 1329703809.208043 1 5 13
30.649582 1329703809.216351 1 5 13
30.649582 1329703809.225276 1 5 13
30.690609 1329703809.232966 1 5 13
30.690609 1329703809.244418 0 5 13
30.736496 1329703809.267956 0 5 13
30.736496 1329703809.274939 0 5 13
30.766935 1329703809.282604 0 5 13
30.766935 1329703809.291638 0 5 13
30.838547 1329703809.299898 0 5 12
30.838547 1329703809.307980 0 5 12
30.850899 1329703809.316490 0 5 12
30.850899 1329703809.324899 0 5 12
30.891172 1329703809.332657 1 5 12
30.891172 1329703809.341457 1 4 12
30.932804 1329703809.349754 1 4 12
30.932804 1329703809.358270 2 4 11
30.967130 1329703809.369953 2 4 11
30.967130 1329703809.374652 1 4 10
31.007696 1329703809.382689 1 3 10
31.007696 1329703809.391281 0 3 9
31.049558 1329703809.399788 -2 2 8
31.049558 1329703809.407701 -5 1 7
31.092877 1329703809.423550 -9 0 6
31.092877 1329703809.426707 -12 -1 6
31.132569 1329703809.432639 -17 -3 5
31.132569 1329703809.441356 -22 -4 5
31.167544 1329703809.449888 -28 -6 4
31.167544 1329703809.457946 -34 -7 4
31.206744 1329703809.466282 -40 -8 4
31.206744 1329703809.474730 -46 -8 5
31.247561 1329703809.482501 -51 -8 6
31.247561 1329703809.491191 -55 -9 7
31.293027 1329703809.499640 -59 -9 8
31.293027 1329703809.507911 -61 -9 10
31.330392 1329703809.516301 -64 -9 11
31.330392 1329703809.527695 -66 -9 12
31.379307 1329703809.532283 -67 -9 14
31.379307 1329703809.541215 -67 -9 15
31.413854 1329703809.549594 -67 -8 15
31.413854 1329703809.557813 -66 -8 16
31.456027 1329703809.566087 -63 -8 16
31.456027 1329703809.586738 -60 -8 16
31.489596 1329703809.601386 -56 -7 16
31.489596 1329703809.616354 -52 -6 15
31.531080 1329703809.624571 -47 -5 15
31.531080 1329703809.632733 -41 -4 14
31.568501 1329703809.641060 -36 -2 14
31.568501 1329703809.649310 -30 -1 13
31.608725 1329703809.664388 -25 0 13
31.608725 1329703809.678737 -20 2 14
31.649969 1329703809.693264 -15 3 14
31.649969 1329703809.699480 -11 3 14
31.689896 1329703809.707524 -8 4 15
31.689896 1329703809.725262 -6 4 14
31.731804 1329703809.748999 -4 3 14
31.731804 1329703809.764007 -3 3 14
31.772633 1329703809.767199 -2 3 13
31.772633 1329703809.774373 -2 3 13
31.806609 1329703809.782448 -2 3 12
31.806609 1329703809.790867 -2 3 12
31.848953 1329703809.799114 -2 3 12
31.848953 1329703809.807719 -2 3 12
31.889100 1329703809.815781 -2 3 12
31.889100 1329703809.824652 -2 3 12
31.931799 1329703809.832664 -2 3 12
31.931799 1329703809.852831 -2 3 12
31.966751 1329703809.857012 -2 3 12
31.966751 1329703809.865563 -2 3 12
32.013072 1329703809.874094 -2 3 12
32.013072 1329703809.882605 -2 3 12
32.055567 1329703809.890737 -2 4 12
32.055567 1329703809.914791 -2 4 12
32.090469 1329703809.929647 -2 4 12
32.090469 1329703809.953463 -2 4 13
32.131794 1329703809.968023 -2 3 13
32.131794 1329703809.974030 -2 3 13
32.172740 1329703809.982415 -2 3 12
32.172740 1329703809.990891 -2 3 12
32.224271 1329703809.998733 -2 3 12
32.224271 1329703810.008256 -2 3 12
32.247521 1329703810.015838 -2 3 12
32.247521 1329703810.024613 -2 3 12
32.289641 1329703810.032374 -2 4 12
32.289641 1329703810.040892 -2 4 12
32.331168 1329703810.059373 -2 4 12
32.331168 1329703810.074760 -2 4 12
32.387645 1329703810.098389 -2 4 12
32.387645 1329703810.101448 -2 4 12
32.418296 1329703810.107212 -2 4 12
32.418296 1329703810.115401 -2 4 12
32.465449 1329703810.123681 -2 4 12
32.465449 1329703810.148370 -2 4 12
32.489778 1329703810.163102 -2 4 12
32.489778 1329703810.166122 -2 4 12
32.530796 1329703810.173822 -2 4 12
32.530796 1329703810.182013 -2 4 12
32.572865 1329703810.190622 -2 4 12
32.572865 1329703810.209893 -2 4 12
32.614395 1329703810.215335 -2 4 12
32.614395 1329703810.223719 -2 4 12
32.647491 1329703810.231758 -1 4 12
32.647491 1329703810.240270 -1 4 12
32.689384 1329703810.248294 -1 4 12
32.689384 1329703810.256864 -1 4 12
32.731876 1329703810.265250 -1 4 12
32.731876 1329703810.273746 -1 4 12
32.772293 1329703810.281639 -1 4 12
32.772293 1329703810.290222 -1 4 12
32.807419 1329703810.298447 -1 4 12
32.807419 1329703810.306551 -1 4 12
32.849389 1329703810.315697 -1 4 12
32.849389 1329703810.323494 -1 4 12
32.889068 1329703810.331431 0 4 12
32.889068 1329703810.339687 0 4 12
32.930653 1329703810.348263 0 4 12
32.930653 1329703810.356615 0 4 12
32.984250 1329703810.372606 0 4 12
32.984250 1329703810.375780 0 4 12
33.013708 1329703810.381851 0 4 12
33.013708 1329703810.389674 0 4 12
33.047014 1329703810.398475 0 4 12
33.047014 1329703810.406603 0 4 12
33.088771 1329703810.414613 0 4 12
33.088771 1329703810.423465 0 4 13
33.130415 1329703810.431435 0 4 13
33.130415 1329703810.439749 0 4 13
33.171739 1329703810.448188 0 4 13
33.171739 1329703810.456676 0 4 13
33.222667 1329703810.464833 0 4 13
33.222667 1329703810.473170 0 4 13
33.246926 1329703810.481540 0 3 13
33.246926 1329703810.489768 0 3 13
33.288385 1329703810.497964 0 3 13
33.288385 1329703810.506639 0 3 13
33.331137 1329703810.514668 0 3 13
33.331137 1329703810.525915 0 3 13
33.372739 1329703810.531420 0 3 13
33.372739 1329703810.539368 0 3 13
33.413510 1329703810.547924 0 3 13
33.413510 1329703810.556205 0 3 13
33.452833 1329703810.564273 1 3 13
33.452833 1329703810.574447 1 3 13
33.488579 1329703810.580993 1 3 13
33.488579 1329703810.589076 1 2 13
33.530109 1329703810.597667 1 1 13
33.530109 1329703810.605662 1 0 12
33.571897 1329703810.613830 0 0 12
33.571897 1329703810.622131 0 -1 12
33.612369 1329703810.630612 0 -2 11
33.612369 1329703810.638821 0 -2 11
33.648382 1329703810.646979 -2 -3 11
33.648382 1329703810.655256 -4 -4 10
33.701000 1329703810.663744 -6 -5 10
33.701000 1329703810.672472 -10 -5 9
33.729386 1329703810.680339 -15 -6 9
33.729386 1329703810.688724 -20 -6 8
33.770717 1329703810.696912 -26 -7 8
33.770717 1329703810.705495 -33 -8 8
33.812113 1329703810.713560 -40 -9 8
33.812113 1329703810.722202 -47 -10 8
33.855291 1329703810.730198 -53 -10 9
33.855291 1329703810.738969 -59 -11 10
33.886172 1329703810.746675 -64 -11 11
33.886172 1329703810.755352 -67 -12 13
33.927598 1329703810.763321 -70 -12 15
33.927598 1329703810.771920 -71 -12 17
33.974471 1329703810.780251 -70 -12 18
33.974471 1329703810.788970 -69 -13 19
34.008319 1329703810.797081 -66 -13 19
34.008319 1329703810.805467 -63 -13 19
34.054973 1329703810.813736 -59 -13 19
34.054973 1329703810.822164 -54 -12 19
34.086975 1329703810.839294 -49 -12 18
34.086975 1329703810.851303 -44 -11 17
34.128566 1329703810.858981 -39 -10 17
34.128566 1329703810.864119 -34 -9 16
34.170491 1329703810.872079 -30 -8 15
34.170491 1329703810.880708 -26 -7 15
34.212136 1329703810.889187 -22 -5 14
34.212136 1329703810.897439 -18 -5 14
34.246627 1329703810.905847 -15 -4 14
34.246627 1329703810.914142 -12 -3 14
34.287607 1329703810.922386 -10 -2 14
34.287607 1329703810.931347 -8 -1 14
34.328885 1329703810.939429 -7 -1 13
34.328885 1329703810.954272 -6 0 13
34.370975 1329703810.956586 -5 0 13
34.370975 1329703810.964340 -4 0 12
34.412566 1329703810.972299 -3 0 12
34.412566 1329703810.980794 -3 0 12
34.453847 1329703810.989209 -2 0 11
34.453847 1329703810.997511 -2 0 11
34.487755 1329703811.005811 -1 1 11
34.487755 1329703811.014368 -1 1 11
34.529111 1329703811.022450 -1 1 11
34.529111 1329703811.030621 -1 2 11
34.570884 1329703811.039270 -1 2 11
34.570884 1329703811.047714 -1 2 11
34.612664 1329703811.060696 -1 3 11
34.612664 1329703811.064191 -1 3 11
34.653735 1329703811.072555 -1 4 11
34.653735 1329703811.080541 0 4 11
34.698837 1329703811.089643 0 4 11
34.698837 1329703811.109721 0 4 11
34.737419 1329703811.114264 0 4 11
34.737419 1329703811.122774 0 4 12
34.770566 1329703811.130818 0 5 12
34.770566 1329703811.138959 0 5 12
34.812364 1329703811.147495 0 5 12
34.812364 1329703811.155750 0 5 12
34.854101 1329703811.164025 0 5 12
34.854101 1329703811.172487 0 5 12
34.886806 1329703811.180566 0 5 12
34.886806 1329703811.188982 0 5 12
34.929046 1329703811.197338 0 5 12
34.929046 1329703811.205724 0 5 12
34.973474 1329703811.225720 0 5 12
34.973474 1329703811.232281 0 5 12
35.012016 1329703811.238717 0 5 12
35.012016 1329703811.247260 0 5 12
35.053714 1329703811.255648 0 5 12
35.053714 1329703811.264128 0 5 12
35.086937 1329703811.274015 0 5 13
35.086937 1329703811.280632 0 5 13
35.137733 1329703811.288795 0 5 13
35.137733 1329703811.297464 0 5 13
35.180633 1329703811.305690 0 5 13
35.180633 1329703811.314101 0 5 13
35.211983 1329703811.322550 0 5 13
35.211983 1329703811.330953 0 5 13
35.253717 1329703811.338701 0 5 13
35.253717 1329703811.347518 0 5 13
35.289964 1329703811.355534 0 5 14
35.289964 1329703811.364123 0 4 14
35.328668 1329703811.372362 0 4 14
35.328668 1329703811.388327 0 4 14
35.369801 1329703811.390592 0 4 14
35.369801 1329703811.397535 0 4 14
35.411583 1329703811.405615 0 4 14
35.411583 1329703811.414176 0 4 14
35.457272 1329703811.422698 0 4 14
35.457272 1329703811.430723 0 4 14
35.486758 1329703811.438762 0 4 14
35.486758 1329703811.447559 0 4 14
35.528205 1329703811.455582 0 4 14
35.528205 1329703811.464009 0 4 14
35.569458 1329703811.472461 0 4 15
35.569458 1329703811.480815 0 4 15
35.611401 1329703811.488562 0 4 15
35.611401 1329703811.497359 0 4 15
35.653257 1329703811.505782 0 4 15
35.653257 1329703811.513916 0 4 15
35.686457 1329703811.522616 0 4 15
35.686457 1329703811.530773 0 4 15
35.727987 1329703811.538748 0 4 15
35.727987 1329703811.547675 0 4 15
35.769509 1329703811.555797 0 4 15
35.769509 1329703811.563770 0 4 15
35.811056 1329703811.572327 0 4 16
35.811056 1329703811.580730 0 4 16
35.853115 1329703811.592856 0 4 16
35.853115 1329703811.597494 0 4 16
35.886307 1329703811.605650 0 4 16
35.886307 1329703811.613821 0 4 16
35.929180 1329703811.622661 0 4 16
35.929180 1329703811.633715 0 4 17
35.969455 1329703811.639803 0 4 17
35.969455 1329703811.647152 -1 4 17
36.011670 1329703811.657893 -1 3 17
36.011670 1329703811.663658 -1 3 17
36.063891 1329703811.675296 -1 3 18
36.063891 1329703811.680616 -1 3 18
36.094498 1329703811.688569 -1 3 18
36.094498 1329703811.697418 -1 3 18
36.127567 1329703811.706538 -1 3 19
36.127567 1329703811.713875 -1 2 19
36.169158 1329703811.722747 -1 2 19
36.169158 1329703811.730763 -1 2 19
36.210686 1329703811.739110 0 2 20
36.210686 1329703811.747351 0 2 20
36.252151 1329703811.755753 0 1 20
36.252151 1329703811.763573 0 1 20
36.295114 1329703811.778038 0 1 20
36.295114 1329703811.792797 0 0 21
36.326943 1329703811.814715 0 0 21
36.326943 1329703811.822361 0 0 21
36.368713 1329703811.830668 0 0 21
36.368713 1329703811.839200 -1 0 21
36.413566 1329703811.847071 -1 0 21
36.413566 1329703811.857616 -1 0 21
36.451881 1329703811.864044 -2 0 21
36.451881 1329703811.872421 -2 0 22
36.492832 1329703811.880718 -2 0 22
36.492832 1329703811.889192 -3 0 22
36.526997 1329703811.897094 -3 0 22
36.526997 1329703811.908969 -4 0 22
36.569974 1329703811.914132 -5 0 22
36.569974 1329703811.922703 -6 0 22
36.609725 1329703811.930419 -6 0 22
36.609725 1329703811.939377 -7 0 22
36.651235 1329703811.947001 -8 0 22
36.651235 1329703811.956089 -10 0 22
36.692470 1329703811.963887 -11 0 22
36.692470 1329703811.972801 -12 0 22
36.727741 1329703811.980565 -14 0 22
36.727741 1329703811.989496 -16 0 22
36.767349 1329703811.997149 -18 1 21
36.767349 1329703812.012682 -20 1 21
36.809456 1329703812.015944 -23 1 21
36.809456 1329703812.022852 -25 1 21
36.850836 1329703812.030432 -28 1 21
36.850836 1329703812.039493 -30 1 21
36.898950 1329703812.046652 -33 1 21
36.898950 1329703812.056139 -35 1 21
36.949168 1329703812.063799 -38 1 21
36.949168 1329703812.072732 -40 1 22
36.967352 1329703812.080399 -42 2 22
36.967352 1329703812.089460 -45 2 22
37.008607 1329703812.096884 -46 2 22
37.008607 1329703812.106175 -48 2 22
37.050461 1329703812.113662 -50 2 23
37.050461 1329703812.121935 -51 2 23
37.091521 1329703812.130193 -52 2 23
37.091521 1329703812.138713 -53 3 23
37.133257 1329703812.146933 -54 3 23
37.133257 1329703812.155415 -55 3 23
37.166573 1329703812.163849 -55 3 23
37.166573 1329703812.171481 -55 3 23
37.210663 1329703812.180166 -55 3 23
37.210663 1329703812.188594 -55 4 23
37.250070 1329703812.196916 -54 4 23
37.250070 1329703812.205161 -53 4 22
37.291653 1329703812.221589 -51 4 22
37.291653 1329703812.224378 -50 4 22
37.335019 1329703812.230081 -48 4 23
37.335019 1329703812.238666 -46 4 23
37.367025 1329703812.246883 -44 4 23
37.367025 1329703812.255168 -42 4 23
37.408950 1329703812.263810 -39 3 23
37.408950 1329703812.271484 -37 3 23
37.450031 1329703812.280154 -35 3 23
37.450031 1329703812.288856 -32 3 23
37.491932 1329703812.296945 -30 3 23
37.491932 1329703812.304878 -27 2 23
37.538020 1329703812.313585 -25 2 23
37.538020 1329703812.322198 -22 2 23
37.567081 1329703812.330201 -20 2 23
37.567081 1329703812.338498 -18 2 24
37.608314 1329703812.346966 -16 2 24
37.608314 1329703812.354992 -14 2 24
37.650383 1329703812.363743 -13 2 24
37.650383 1329703812.374960 -11 2 24
37.691565 1329703812.379845 -10 1 24
37.691565 1329703812.388380 -8 1 24
37.733438 1329703812.396600 -7 1 24
37.733438 1329703812.404952 -6 1 24
37.766800 1329703812.413529 -5 1 24
37.766800 1329703812.428127 -4 1 24
37.808591 1329703812.431735 -3 1 24
37.808591 1329703812.438495 -3 0 24
37.850144 1329703812.446562 -2 0 23
37.850144 1329703812.454950 -2 0 23
37.891968 1329703812.463468 -1 0 23
37.891968 1329703812.471096 -1 0 22
37.933586 1329703812.480070 -1 0 22
37.933586 1329703812.488392 -1 0 22
37.977337 1329703812.496576 0 0 22
37.977337 1329703812.505175 0 0 22
38.008585 1329703812.513427 0 0 21
38.008585 1329703812.521398 0 0 21
38.048848 1329703812.538199 0 0 21
38.048848 1329703812.546896 0 0 20
38.095884 1329703812.554952 0 0 20
38.095884 1329703812.563167 0 0 20
38.134039 1329703812.571631 0 0 20
38.134039 1329703812.579506 0 0 20
38.167225 1329703812.596141 0 0 20
38.167225 1329703812.599268 0 0 20
38.218693 1329703812.605050 -1 0 20
38.218693 1329703812.613185 -1 0 20
38.250722 1329703812.622847 -1 0 20
38.250722 1329703812.629613 -1 0 20
38.292668 1329703812.638162 0 0 20
38.292668 1329703812.652539 0 0 20
38.327923 1329703812.673845 0 0 20
38.327923 1329703812.680328 0 0 20
38.366799 1329703812.687932 -1 0 20
38.366799 1329703812.696559 -1 1 20
38.409256 1329703812.705213 -1 1 19
38.409256 1329703812.713301 -1 0 19
38.450707 1329703812.722132 -1 0 19
38.450707 1329703812.730263 -1 0 18
38.492208 1329703812.738193 -1 0 18
38.492208 1329703812.746481 -2 0 18
38.533935 1329703812.755014 -2 0 18
38.533935 1329703812.763216 -2 0 18
38.575250 1329703812.771766 -1 0 18
38.575250 1329703812.780117 -1 0 18
38.609025 1329703812.788217 -1 0 19
38.609025 1329703812.796789 -1 0 19
38.650300 1329703812.804900 -1 0 19
38.650300 1329703812.813354 -1 0 19
38.708020 1329703812.821871 -1 0 19
38.708020 1329703812.829909 -1 0 19
38.733561 1329703812.838244 -2 0 20
38.733561 1329703812.846438 -1 0 20
38.766808 1329703812.854958 -2 0 20
38.766808 1329703812.866345 -2 0 20
38.809063 1329703812.871370 -2 0 20
38.809063 1329703812.879929 -2 0 20
38.851709 1329703812.888949 -2 0 20
38.851709 1329703812.896406 -2 0 20
38.892115 1329703812.908165 -2 0 20
38.892115 1329703812.913262 -2 0 20
38.933243 1329703812.921401 -2 0 20
38.933243 1329703812.929815 -2 0 20
38.967434 1329703812.938134 -2 0 20
38.967434 1329703812.946094 -2 0 20
39.008291 1329703812.954976 -2 0 20
39.008291 1329703812.963149 -2 0 20
39.050703 1329703812.972041 -2 0 20
39.050703 1329703812.979384 -2 0 20
39.091720 1329703812.988224 -2 0 20
39.091720 1329703812.996114 -2 0 20
39.132616 1329703813.015910 -2 0 20
39.132616 1329703813.040434 -2 0 20
39.166867 1329703813.046210 -2 0 20
39.166867 1329703813.054250 -2 0 20
39.208207 1329703813.063054 -2 0 20
39.208207 1329703813.070741 -2 0 20
39.250223 1329703813.079205 -2 0 20
39.250223 1329703813.087851 -2 0 20
39.291213 1329703813.095859 -2 0 20
39.291213 1329703813.104339 -2 0 20
39.333023 1329703813.112795 -2 1 20
39.333023 1329703813.120988 -1 1 20
39.366401 1329703813.129281 -1 1 20
39.366401 1329703813.137598 -1 1 20
39.418551 1329703813.145676 -1 1 20
39.418551 1329703813.153740 -1 1 21
39.451891 1329703813.162455 -1 2 21
39.451891 1329703813.170511 -1 2 21
39.492084 1329703813.178807 -1 2 21
39.492084 1329703813.187196 -2 2 21
39.528049 1329703813.195864 -2 2 21
39.528049 1329703813.203511 -2 2 21
39.568318 1329703813.212466 -2 2 21
39.568318 1329703813.220674 -2 2 21
39.607896 1329703813.235182 -2 2 21
39.607896 1329703813.237921 -2 2 21
39.654360 1329703813.245575 -2 2 21
39.654360 1329703813.253448 -2 2 21
39.691723 1329703813.262639 -1 1 21
39.691723 1329703813.270665 -1 1 21
39.732457 1329703813.279039 -1 1 21
39.732457 1329703813.286978 -1 1 21
39.767033 1329703813.295656 -2 1 21
39.767033 1329703813.303621 -2 0 21
39.807472 1329703813.312453 -2 0 21
39.807472 1329703813.320774 -2 0 21
39.849035 1329703813.328675 -2 0 21
39.849035 1329703813.336778 -2 0 21
39.890709 1329703813.345894 -2 0 21
39.890709 1329703813.353713 -1 0 21
39.940462 1329703813.362856 -1 0 20
39.940462 1329703813.370623 -1 0 20
39.965660 1329703813.377968 -1 0 20
39.965660 1329703813.393670 0 0 20
40.007972 1329703813.397036 0 0 21
40.007972 1329703813.403000 0 0 20
40.048407 1329703813.411539 0 0 20
40.048407 1329703813.420207 0 0 20
40.089934 1329703813.428093 0 0 20
40.089934 1329703813.436540 0 0 20
40.131863 1329703813.445497 0 1 20
40.131863 1329703813.452974 0 1 20
40.173072 1329703813.462610 -1 1 19
40.173072 1329703813.469932 -1 1 19
40.207883 1329703813.479692 -2 0 19
40.207883 1329703813.486263 -3 0 18
40.257306 1329703813.498448 -3 0 18
40.257306 1329703813.502901 -4 0 18
40.289642 1329703813.511325 -5 0 18
40.289642 1329703813.520014 -6 0 17
40.336257 1329703813.527923 -6 0 17
40.336257 1329703813.543763 -7 0 17
40.372720 1329703813.555897 -8 0 17
40.372720 1329703813.569592 -8 0 17
40.406260 1329703813.592884 -9 -1 16
40.406260 1329703813.604294 -10 0 16
40.450705 1329703813.611217 -11 0 16
40.450705 1329703813.619649 -11 0 16
40.489115 1329703813.628232 -12 0 16
40.489115 1329703813.636382 -13 0 16
40.530376 1329703813.644878 -14 0 16
40.530376 1329703813.653452 -15 0 16
40.570792 1329703813.661547 -17 0 15
40.570792 1329703813.672354 -18 0 15
40.605816 1329703813.678329 -20 0 15
40.605816 1329703813.686830 -22 0 15
40.647327 1329703813.695685 -24 0 15
40.647327 1329703813.703669 -26 0 15
40.693535 1329703813.711556 -28 0 15
40.693535 1329703813.722343 -30 0 15
40.735541 1329703813.728727 -33 -1 15
40.735541 1329703813.736355 -35 -1 15
40.772041 1329703813.744858 -38 -2 16
40.772041 1329703813.753300 -40 -2 16
40.813595 1329703813.772183 -43 -3 17
40.813595 1329703813.775703 -45 -3 17
40.847576 1329703813.778136 -48 -3 18
40.847576 1329703813.786454 -50 -4 19
40.888270 1329703813.803971 -52 -4 19
40.888270 1329703813.818886 -54 -4 20
40.940314 1329703813.821591 -55 -4 20
40.940314 1329703813.864310 -56 -4 21
40.973122 1329703813.869472 -56 -4 21
40.973122 1329703813.877943 -56 -4 21
41.008502 1329703813.886943 -56 -4 21
41.008502 1329703813.894776 -55 -4 21
41.046357 1329703813.902887 -54 -3 21
41.046357 1329703813.914744 -53 -3 21
41.092549 1329703813.919321 -51 -3 20
41.092549 1329703813.927800 -49 -3 20
41.126733 1329703813.936702 -45 -2 20
41.171341 1329703813.944937 -42 -2 20
41.171341 1329703813.952943 -40 -1 19
41.211409 1329703813.968998 -37 -1 19
41.211409 1329703813.971724 -34 -1 19
41.246743 1329703813.978235 -32 -1 19
41.246743 1329703813.986752 -30 0 19
41.292587 1329703813.995401 -27 0 19
41.292587 1329703814.003342 -25 0 19
41.330030 1329703814.011629 -23 0 19
41.330030 1329703814.019990 -21 0 19
41.371896 1329703814.028499 -19 0 18
41.371896 1329703814.037102 -17 0 18
41.414188 1329703814.045071 -16 0 18
41.414188 1329703814.053183 -14 0 18
41.453720 1329703814.061829 -13 0 18
41.453720 1329703814.074088 -12 0 18
41.488736 1329703814.078088 -11 0 18
41.488736 1329703814.086970 -10 0 18
41.530133 1329703814.094994 -8 0 18
41.530133 1329703814.103465 -8 0 18
41.571570 1329703814.114558 -7 0 18
41.571570 1329703814.120152 -6 0 18
41.606910 1329703814.128174 -5 0 18
41.606910 1329703814.137965 -4 0 18
41.646499 1329703814.145335 -4 0 18
41.646499 1329703814.153182 -3 0 18
41.688450 1329703814.161700 -3 0 18
41.688450 1329703814.169917 -2 0 17
41.731017 1329703814.178074 -2 0 17
41.731017 1329703814.187093 -2 0 17
41.767522 1329703814.195122 -1 0 17
41.767522 1329703814.203050 -1 1 17
41.817009 1329703814.211738 -1 1 17
41.817009 1329703814.219994 -1 1 16
41.847004 1329703814.228727 0 1 16
41.847004 1329703814.236833 0 1 16
41.894010 1329703814.245176 0 1 16
41.894010 1329703814.253026 0 1 16
41.929887 1329703814.264960 0 2 16
41.929887 1329703814.269954 0 2 16
41.971469 1329703814.278008 0 2 16
41.971469 1329703814.286629 0 2 16
42.005693 1329703814.295053 0 2 16
42.005693 1329703814.302966 0 2 16
42.046739 1329703814.311869 0 3 16
42.046739 1329703814.319866 0 3 16
42.088064 1329703814.328191 0 3 16
42.088064 1329703814.336426 0 3 16
42.130105 1329703814.345288 0 3 16
42.130105 1329703814.352737 0 3 16
42.171384 1329703814.365660 0 4 17
42.171384 1329703814.372692 0 4 17
42.213577 1329703814.378711 0 4 17
42.213577 1329703814.386796 0 4 17
42.246379 1329703814.394933 0 4 17
42.246379 1329703814.403594 0 4 17
42.287918 1329703814.422599 0 5 17
42.287918 1329703814.428054 0 5 17
42.327095 1329703814.436276 0 5 17
42.327095 1329703814.445030 1 5 17
42.374521 1329703814.453195 1 5 17
42.374521 1329703814.461261 1 5 17
42.412536 1329703814.469618 1 5 17
42.412536 1329703814.477893 1 5 17
42.446158 1329703814.486717 1 5 17
42.446158 1329703814.494895 1 5 17
42.488282 1329703814.503121 1 5 17
42.488282 1329703814.511371 0 5 17
42.529754 1329703814.519895 0 6 17
42.529754 1329703814.541855 0 6 17
42.570887 1329703814.555770 0 6 17
42.570887 1329703814.570895 0 6 17
42.612747 1329703814.578263 0 5 17
42.612747 1329703814.586265 0 5 17
42.646316 1329703814.594549 0 5 17
42.646316 1329703814.602803 0 5 17
42.691067 1329703814.611450 0 5 17
42.691067 1329703814.619699 0 4 17
42.729668 1329703814.627850 -1 4 16
42.729668 1329703814.636357 -1 4 16
42.769148 1329703814.644407 -1 3 16
42.769148 1329703814.661065 -1 3 16
42.816579 1329703814.696052 -2 2 15
42.816579 1329703814.710723 -3 1 15
42.846179 1329703814.713764 -3 0 14
42.846179 1329703814.719743 -4 -1 14
42.887823 1329703814.727639 -5 -2 14
42.887823 1329703814.736413 -5 -4 13
42.929540 1329703814.744674 -6 -5 13
42.929540 1329703814.753056 -6 -6 13
42.975653 1329703814.761171 -8 -6 13
42.975653 1329703814.769856 -10 -7 13
43.011880 1329703814.777948 -12 -7 12
43.011880 1329703814.786319 -16 -6 12
43.053627 1329703814.802207 -21 -6 12
43.053627 1329703814.805366 -27 -6 11
43.086146 1329703814.811205 -33 -6 11
43.086146 1329703814.819893 -39 -6 11
43.132500 1329703814.827739 -45 -6 11
43.132500 1329703814.836259 -50 -5 12
43.168906 1329703814.844268 -54 -5 13
43.168906 1329703814.853101 -56 -5 14
43.210837 1329703814.861926 -57 -5 15
43.210837 1329703814.869487 -57 -6 16
43.264097 1329703814.877657 -56 -6 17
43.264097 1329703814.886345 -53 -6 18
43.286196 1329703814.894491 -50 -6 18
43.286196 1329703814.905113 -47 -6 19
43.335504 1329703814.910819 -42 -6 19
43.335504 1329703814.919097 -38 -5 19
43.369880 1329703814.927664 -33 -5 19
43.369880 1329703814.936189 -28 -4 19
43.411500 1329703814.944256 -24 -3 19
43.411500 1329703814.956135 -20 -3 18
43.453427 1329703814.961166 -16 -2 18
43.453427 1329703814.969392 -13 -1 18
43.486363 1329703814.977362 -11 -1 18
43.486363 1329703814.986412 -9 0 18
43.528485 1329703814.994164 -7 0 18
43.528485 1329703815.002730 -6 0 17
43.570054 1329703815.011017 -5 0 17
43.570054 1329703815.019426 -4 0 17
43.611838 1329703815.027977 -4 1 16
43.611838 1329703815.036158 -4 1 16
43.648667 1329703815.047953 -3 2 16
43.648667 1329703815.052988 -3 3 16
43.687380 1329703815.061253 -3 4 16
43.687380 1329703815.069339 -3 5 15
43.732143 1329703815.077625 -3 5 15
43.732143 1329703815.086170 -3 6 16
43.770094 1329703815.101724 -3 7 16
43.770094 1329703815.117349 -2 7 16
43.811614 1329703815.131531 -2 8 16
43.811614 1329703815.136013 -2 8 16
43.853586 1329703815.144233 -2 8 16
43.853586 1329703815.152682 -2 8 16
43.886674 1329703815.161376 -2 9 16
43.886674 1329703815.169068 -2 9 16
43.931928 1329703815.177627 -1 9 16
43.931928 1329703815.185901 -1 9 16
43.969671 1329703815.193855 -1 8 16
43.969671 1329703815.202336 -1 8 16
44.011507 1329703815.210457 -1 8 16
44.011507 1329703815.219372 -1 8 15
44.053230 1329703815.227509 -1 8 15
44.053230 1329703815.236123 -1 7 15
44.086673 1329703815.243924 -1 7 15
44.086673 1329703815.252531 -1 7 15
44.128012 1329703815.262584 -1 7 15
44.128012 1329703815.270250 -1 7 15
44.169811 1329703815.277535 -1 7 15
44.169811 1329703815.285878 -1 7 15
44.212614 1329703815.293737 -1 7 16
44.212614 1329703815.309978 -1 7 16
44.252977 1329703815.312879 -1 7 16
44.252977 1329703815.319185 -1 7 16
44.286286 1329703815.327466 -1 7 16
44.286286 1329703815.335902 -1 7 16
44.328138 1329703815.344070 -1 7 16
44.328138 1329703815.352180 -1 6 15
44.369699 1329703815.362227 -1 6 15
44.369699 1329703815.369116 -1 6 15
44.411361 1329703815.377160 -1 6 15
44.411361 1329703815.386054 -1 6 15
44.453079 1329703815.393705 -1 5 15
44.453079 1329703815.402372 -2 5 15
44.488908 1329703815.410792 -2 5 15
44.488908 1329703815.419361 -2 4 15
44.530901 1329703815.427583 -2 4 15
44.530901 1329703815.435702 -2 3 15
44.569309 1329703815.443662 -2 3 15
44.569309 1329703815.452279 -2 2 15
44.611238 1329703815.467913 -1 2 15
44.611238 1329703815.471453 -1 2 15
44.652669 1329703815.477533 -1 1 15
44.652669 1329703815.485932 -2 1 15
44.686299 1329703815.493757 -2 1 15
44.686299 1329703815.502675 -2 0 14
44.728587 1329703815.510491 -3 0 14
44.728587 1329703815.519387 -4 0 14
44.769425 1329703815.527228 -5 0 14
44.769425 1329703815.535595 -6 0 13
44.810771 1329703815.543663 -8 0 13
44.810771 1329703815.552139 -11 -1 13
44.852434 1329703815.560573 -14 -1 12
44.852434 1329703815.579656 -17 -1 12
44.893491 1329703815.585730 -20 -1 12
44.893491 1329703815.593951 -23 -2 12
44.930260 1329703815.601927 -27 -2 12
44.930260 1329703815.611566 -30 -2 12
44.968575 1329703815.618746 -34 -3 12
44.968575 1329703815.635823 -37 -3 12
45.009743 1329703815.648733 -41 -3 12
45.009743 1329703815.652243 -44 -3 13
45.051002 1329703815.660505 -46 -3 13
45.051002 1329703815.668785 -49 -3 13
45.093058 1329703815.678009 -51 -3 14
45.093058 1329703815.685026 -52 -3 14
45.131434 1329703815.702139 -54 -3 14
45.131434 1329703815.710285 -54 -3 14
45.167399 1329703815.718600 -55 -3 15
45.167399 1329703815.727386 -55 -3 15
45.213220 1329703815.735248 -56 -3 15
45.213220 1329703815.743325 -55 -3 15
45.250908 1329703815.752520 -55 -3 15
45.250908 1329703815.760026 -54 -3 15
45.286887 1329703815.768747 -53 -2 15
45.286887 1329703815.776817 -51 -2 15
45.333733 1329703815.785355 -49 -2 15
45.333733 1329703815.793181 -46 -2 15
45.367546 1329703815.810652 -43 -1 15
45.367546 1329703815.825182 -40 -1 15
45.409504 1329703815.846643 -37 -1 15
45.409504 1329703815.851634 -34 0 16
45.446155 1329703815.859889 -31 0 16
45.446155 1329703815.868032 -28 0 16
45.492986 1329703815.876814 -25 0 16
45.492986 1329703815.894718 -22 0 16
45.526612 1329703815.901629 -20 0 17
45.526612 1329703815.909930 -18 0 17
45.569597 1329703815.917857 -15 0 17
45.569597 1329703815.926280 -13 0 18
45.609786 1329703815.937541 -11 0 18
45.609786 1329703815.943435 -9 0 18
