imu_t vicon_t roll pitch yaw
0.010574 1329703610.382270 0 5 5
0.010574 1329703610.547817 0 5 5
0.010574 1329703610.580920 0 5 5
0.010574 1329703610.589607 0 5 5
0.010574 1329703610.597834 0 5 5
0.010574 1329703610.605968 0 5 5
0.010574 1329703610.614385 0 5 5
0.010574 1329703610.622841 0 5 5
0.010574 1329703610.630843 0 4 5
0.010574 1329703610.639567 0 4 5
0.010574 1329703610.647916 0 4 5
0.010574 1329703610.656133 0 4 5
0.010574 1329703610.664551 0 4 4
0.010574 1329703610.672910 0 4 4
0.010574 1329703610.680852 0 4 4
0.010574 1329703610.689426 0 4 4
0.010574 1329703610.697900 0 5 4
0.010574 1329703610.706262 0 5 4
0.010574 1329703610.714687 0 5 4
0.010574 1329703610.722484 1 6 4
0.010574 1329703610.731052 1 6 4
0.010574 1329703610.739804 1 7 4
0.010574 1329703610.750880 2 7 4
0.010574 1329703610.756713 2 8 3
0.010574 1329703610.764729 2 8 3
0.010574 1329703610.773583 2 8 3
0.010574 1329703610.780862 2 8 3
0.010574 1329703610.790316 2 8 3
0.010574 1329703610.799150 2 8 3
0.010574 1329703610.813187 2 8 3
0.010574 1329703610.816263 2 8 3
0.010574 1329703610.822980 2 7 3
0.010574 1329703610.830954 2 7 3
0.010574 1329703610.839527 2 6 2
0.010574 1329703610.847748 2 6 2
0.010574 1329703610.856175 2 5 2
0.010574 1329703610.864502 2 5 2
0.010574 1329703610.872806 2 4 2
0.010574 1329703610.881004 3 4 3
0.010574 1329703610.889282 3 4 3
0.010574 1329703610.897488 4 4 3
0.010574 1329703610.906164 5 3 3
0.010574 1329703610.914329 6 3 3
0.010574 1329703610.922910 7 3 3
0.010574 1329703610.930964 9 2 3
0.010574 1329703610.939264 11 2 4
0.010574 1329703610.947395 13 2 4
0.010574 1329703610.958053 16 3 4
0.010574 1329703610.965051 20 3 5
0.010574 1329703610.972802 24 4 5
0.010574 1329703610.980902 28 5 5
0.010574 1329703610.989316 33 5 6
0.010574 1329703610.997455 37 5 6
0.046088 1329703611.008326 41 6 6
0.046088 1329703611.015137 44 6 7
0.046088 1329703611.022844 47 6 7
0.046088 1329703611.031807 0 -1 19
0.046088 1329703611.039162 0 -1 19
0.087403 1329703611.047302 0 -1 19
0.087403 1329703611.056747 0 -1 19
0.121109 1329703611.064279 0 -1 19
0.121109 1329703611.072631 0 -1 19
0.163759 1329703611.080994 0 -1 19
0.163759 1329703611.088881 0 -1 19
0.207331 1329703611.097459 0 -1 19
0.207331 1329703611.105935 0 -1 19
0.246938 1329703611.114188 0 -1 19
0.246938 1329703611.122480 0 -1 19
0.283580 1329703611.130849 0 -1 19
0.283580 1329703611.138900 0 -1 19
0.321927 1329703611.147391 0 -1 19
0.321927 1329703611.155815 0 -1 19
0.362621 1329703611.169011 0 -1 19
0.362621 1329703611.172376 0 -1 19
0.404883 1329703611.180796 0 -1 19
0.404883 1329703611.189792 0 -1 19
0.445801 1329703611.197351 0 -1 19
0.445801 1329703611.205976 0 -1 19
0.488417 1329703611.214197 0 -1 19
0.488417 1329703611.222462 0 -1 19
0.521889 1329703611.230952 0 -1 19
0.521889 1329703611.239229 0 -1 19
0.562349 1329703611.247040 0 -1 19
0.562349 1329703611.255870 0 -1 19
0.603798 1329703611.264129 0 -1 19
0.603798 1329703611.272472 0 -1 19
0.646383 1329703611.280861 0 -1 19
0.646383 1329703611.289118 0 -1 19
0.687415 1329703611.297290 0 -1 19
0.687415 1329703611.305923 0 -1 19
0.720683 1329703611.319335 0 -1 19
0.720683 1329703611.322384 0 -1 19
0.762424 1329703611.330743 0 -1 19
0.762424 1329703611.339030 0 -1 19
0.803640 1329703611.347090 0 -1 19
0.803640 1329703611.355706 0 -1 19
0.845695 1329703611.371772 0 -1 19
0.845695 1329703611.374277 0 -1 19
0.887122 1329703611.380566 0 -1 19
0.887122 1329703611.389156 0 -1 19
0.923865 1329703611.396865 0 -1 19
0.923865 1329703611.405570 0 -1 19
0.962015 1329703611.414101 0 -1 19
0.962015 1329703611.422703 0 -1 19
1.014161 1329703611.430535 0 -1 19
1.014161 1329703611.438976 0 -1 19
1.045440 1329703611.446805 0 -1 19
1.045440 1329703611.455729 0 -1 19
1.086937 1329703611.467300 0 -1 19
1.086937 1329703611.472801 0 -1 19
1.130212 1329703611.498019 0 -1 19
1.130212 1329703611.505503 0 -1 19
1.161708 1329703611.513340 0 -1 19
1.161708 1329703611.522090 0 -1 19
1.206704 1329703611.530293 0 -1 19
1.206704 1329703611.538766 0 -1 19
1.245302 1329703611.557586 0 -1 19
1.245302 1329703611.563966 0 -1 19
1.286840 1329703611.571620 0 -1 19
1.286840 1329703611.580355 0 -1 19
1.328114 1329703611.588878 0 -1 19
1.328114 1329703611.608725 0 -1 19
1.361452 1329703611.623323 0 -1 19
1.361452 1329703611.630425 0 -1 19
1.402740 1329703611.638604 0 -1 19
1.402740 1329703611.646935 0 -1 19
1.454815 1329703611.655461 0 -1 19
1.454815 1329703611.663350 0 -1 19
1.486474 1329703611.673700 0 -1 19
1.486474 1329703611.680276 0 -1 19
1.528057 1329703611.688357 0 -1 19
1.528057 1329703611.696931 0 -1 19
1.561456 1329703611.705216 0 -1 19
1.561456 1329703611.713227 0 -1 19
1.602587 1329703611.723969 0 -1 19
1.602587 1329703611.738597 0 -1 19
1.644767 1329703611.750174 0 -1 19
1.644767 1329703611.756913 0 -1 19
1.686219 1329703611.763748 0 -1 19
1.686219 1329703611.771932 0 -1 19
1.726375 1329703611.780601 0 -1 19
1.726375 1329703611.788786 0 -1 19
1.760992 1329703611.796462 0 -1 19
1.760992 1329703611.805058 0 -1 19
1.802465 1329703611.813822 0 -1 19
1.802465 1329703611.821783 0 -1 19
1.844401 1329703611.830279 0 -1 19
1.844401 1329703611.838543 0 -1 19
1.886342 1329703611.846653 0 -1 19
1.886342 1329703611.855185 0 -1 19
1.934859 1329703611.863611 0 -1 19
1.934859 1329703611.871628 0 -1 19
1.960991 1329703611.880262 0 -1 19
1.960991 1329703611.888351 0 -1 19
2.002014 1329703611.896556 0 -1 19
2.002014 1329703611.904909 0 -1 19
2.044196 1329703611.913265 0 -1 19
2.044196 1329703611.921721 0 -1 19
2.082512 1329703611.930222 0 -1 19
2.082512 1329703611.938460 0 -1 19
2.127654 1329703611.946229 0 -1 19
2.127654 1329703611.954839 0 -1 19
2.160569 1329703611.969611 0 -1 19
2.160569 1329703611.973040 0 -1 19
2.202353 1329703611.979961 0 -1 19
2.202353 1329703611.998225 0 -1 19
2.244146 1329703612.004830 0 -1 19
2.244146 1329703612.013260 0 -1 19
2.285376 1329703612.022014 0 -1 19
2.285376 1329703612.029912 0 -1 19
2.327398 1329703612.038301 0 -1 19
2.327398 1329703612.048797 0 -1 19
2.370010 1329703612.054628 0 -1 19
2.370010 1329703612.062673 0 -1 19
2.401631 1329703612.071537 0 -1 19
2.401631 1329703612.079556 0 -1 19
2.443462 1329703612.088014 0 -1 19
2.443462 1329703612.096403 0 -1 19
2.484746 1329703612.104910 0 -1 19
2.484746 1329703612.112809 0 -1 19
2.534749 1329703612.121131 0 -1 19
2.534749 1329703612.129907 0 -1 19
2.567871 1329703612.138084 0 -1 19
2.567871 1329703612.146063 0 -1 19
2.601151 1329703612.154773 0 -1 19
2.601151 1329703612.162748 0 -1 19
2.648672 1329703612.171071 0 -1 19
2.648672 1329703612.179674 0 -1 19
2.684262 1329703612.188156 0 -1 19
2.684262 1329703612.196129 0 -1 19
2.726361 1329703612.209603 0 -1 19
2.726361 1329703612.213042 0 -1 19
2.760690 1329703612.221219 0 -1 19
2.760690 1329703612.229713 0 -1 19
2.801187 1329703612.237810 0 -1 19
2.801187 1329703612.245805 0 -1 19
2.844001 1329703612.262189 0 -1 19
2.844001 1329703612.264838 0 -1 19
2.884260 1329703612.271021 0 -1 19
2.884260 1329703612.279662 0 -1 19
2.926665 1329703612.287974 0 -1 19
2.926665 1329703612.295974 0 -1 19
2.970289 1329703612.304455 0 -1 19
2.970289 1329703612.313279 0 -1 19
3.000695 1329703612.321302 0 -1 19
3.000695 1329703612.329579 0 -1 19
3.043415 1329703612.338045 0 -1 19
3.043415 1329703612.346062 0 -1 19
3.094376 1329703612.354585 0 -1 19
3.094376 1329703612.366516 0 -1 19
3.126961 1329703612.370886 0 -1 19
3.126961 1329703612.379783 0 -1 19
3.177755 1329703612.387852 0 -1 19
3.177755 1329703612.395862 0 -1 19
3.200795 1329703612.404408 0 -1 19
3.200795 1329703612.413062 0 -1 19
3.244434 1329703612.421158 0 -1 19
3.244434 1329703612.429739 0 -1 19
3.283754 1329703612.437605 0 -1 19
3.283754 1329703612.445783 0 -1 19
3.325284 1329703612.454656 0 -1 19
3.325284 1329703612.462733 0 -1 19
3.367072 1329703612.478290 0 -1 19
3.367072 1329703612.481080 0 -1 19
3.408785 1329703612.487544 0 -1 19
3.408785 1329703612.495834 0 -1 19
3.455441 1329703612.504236 0 -1 19
3.455441 1329703612.512822 0 -1 19
3.483720 1329703612.521653 0 -1 19
3.483720 1329703612.529173 0 -1 19
3.525276 1329703612.537762 0 -1 19
3.525276 1329703612.545629 0 -1 19
3.564028 1329703612.554127 0 -1 19
3.564028 1329703612.562601 0 -1 19
3.599927 1329703612.571007 0 -1 19
3.599927 1329703612.579249 0 -1 19
3.641758 1329703612.587618 0 -1 19
3.641758 1329703612.595615 0 -1 19
3.683323 1329703612.604277 0 -1 19
3.683323 1329703612.613285 0 -1 19
3.725233 1329703612.626024 0 -1 19
3.725233 1329703612.640829 0 -1 19
3.769809 1329703612.654638 0 -1 19
3.769809 1329703612.662170 0 -1 19
3.799923 1329703612.671025 0 -1 19
3.799923 1329703612.679066 0 -1 19
3.841643 1329703612.692035 0 -1 19
3.841643 1329703612.695936 0 -1 19
3.891178 1329703612.704047 0 -1 19
3.891178 1329703612.712640 0 -1 19
3.925030 1329703612.720941 0 -1 19
3.925030 1329703612.730544 0 -1 19
3.966634 1329703612.737655 0 -1 19
3.966634 1329703612.745861 0 -1 19
4.008035 1329703612.753925 0 -1 19
4.008035 1329703612.762164 0 -1 19
4.049953 1329703612.770576 0 -1 19
4.049953 1329703612.778928 0 -1 19
4.083492 1329703612.787643 0 -1 19
4.083492 1329703612.795739 0 -1 19
4.124951 1329703612.804127 0 -1 19
4.124951 1329703612.812027 0 -1 19
4.166419 1329703612.820793 0 -1 19
4.166419 1329703612.828917 0 -1 19
4.208128 1329703612.837452 0 -1 19
4.208128 1329703612.845848 0 -1 19
4.241657 1329703612.853987 0 -1 19
4.241657 1329703612.862019 0 -1 19
4.283531 1329703612.870856 0 -1 19
4.283531 1329703612.890325 0 -1 19
4.324561 1329703612.913363 0 -1 19
4.324561 1329703612.925047 0 -1 19
4.361885 1329703612.929831 0 -1 19
4.361885 1329703612.936468 0 -1 19
4.402926 1329703612.945242 0 -1 19
4.402926 1329703612.953611 0 -1 19
4.441398 1329703612.961819 0 -1 19
4.441398 1329703612.970112 0 -1 19
4.483469 1329703612.978441 0 -1 19
4.483469 1329703612.986905 0 -1 19
4.525270 1329703612.995010 0 -1 19
4.525270 1329703613.003412 0 -1 19
4.566599 1329703613.020463 0 -1 19
4.566599 1329703613.028326 0 -1 19
4.611650 1329703613.036136 0 -1 19
4.611650 1329703613.044575 0 -1 19
4.641247 1329703613.053366 0 -1 19
4.641247 1329703613.061280 0 -1 19
4.688437 1329703613.078146 0 -1 19
4.688437 1329703613.091094 0 -1 19
4.724207 1329703613.094404 0 -1 19
4.724207 1329703613.102682 0 -1 19
4.766251 1329703613.111430 0 -1 19
4.766251 1329703613.119600 0 -1 19
4.807940 1329703613.127973 0 -1 19
4.807940 1329703613.136931 0 -1 19
4.841212 1329703613.144579 0 -1 19
4.841212 1329703613.152871 0 -1 19
4.882427 1329703613.161636 0 -1 19
4.882427 1329703613.169830 0 -1 19
4.924454 1329703613.192065 0 -1 19
4.924454 1329703613.212322 0 -1 19
4.966655 1329703613.219559 0 -1 19
4.966655 1329703613.227781 0 -1 19
5.008037 1329703613.236597 0 -1 19
5.008037 1329703613.244387 0 -1 19
5.041566 1329703613.252900 0 -1 19
5.041566 1329703613.261482 0 -1 19
5.082372 1329703613.269823 0 -1 19
5.082372 1329703613.277855 0 -1 19
5.124511 1329703613.286363 0 -1 19
5.124511 1329703613.294788 0 -1 19
5.166734 1329703613.304173 0 -1 19
5.166734 1329703613.311445 0 -1 19
5.208349 1329703613.319798 0 -1 19
5.208349 1329703613.327737 0 -1 19
5.241065 1329703613.336398 0 -1 19
5.241065 1329703613.344685 -1 -1 19
5.282527 1329703613.353176 -1 -1 19
5.282527 1329703613.361455 -1 -1 19
5.324130 1329703613.369966 0 -1 19
5.324130 1329703613.377640 0 -1 19
5.365885 1329703613.386829 -1 -1 19
5.365885 1329703613.394094 -1 -1 19
5.407653 1329703613.403228 -1 -1 19
5.407653 1329703613.412733 -1 -1 19
5.440394 1329703613.419922 -1 -1 19
5.440394 1329703613.427814 -1 -1 19
5.482646 1329703613.436589 -1 -1 19
5.482646 1329703613.444354 -1 -1 19
5.523820 1329703613.453372 -1 -1 19
5.523820 1329703613.461327 -1 -1 19
5.565326 1329703613.470105 -1 -1 19
5.565326 1329703613.477726 -1 -1 19
5.607938 1329703613.486680 -1 -1 19
5.607938 1329703613.494416 -1 -1 19
5.640766 1329703613.513702 0 -1 19
5.640766 1329703613.521422 0 0 19
5.688510 1329703613.527712 0 0 20
5.688510 1329703613.537905 0 0 20
5.723747 1329703613.544170 0 1 20
5.723747 1329703613.553651 0 1 20
5.765532 1329703613.560950 0 1 20
5.765532 1329703613.570200 0 1 20
5.801216 1329703613.577613 0 1 20
5.801216 1329703613.586086 0 2 20
5.840140 1329703613.594091 0 2 20
5.840140 1329703613.602419 1 2 20
5.883934 1329703613.610691 1 2 20
5.883934 1329703613.619283 1 2 20
5.927105 1329703613.637790 1 2 20
5.927105 1329703613.639639 0 2 20
5.965495 1329703613.643982 0 2 20
5.965495 1329703613.651954 -1 2 20
6.011376 1329703613.660767 -2 2 20
6.011376 1329703613.669458 -3 1 20
6.040277 1329703613.677601 -3 1 21
6.040277 1329703613.685669 -4 1 21
6.081945 1329703613.693967 -4 1 21
6.081945 1329703613.702205 -3 1 21
6.124444 1329703613.721165 -3 2 22
6.124444 1329703613.727263 -2 2 22
6.160974 1329703613.735534 -1 3 22
6.160974 1329703613.744324 -1 3 22
6.211909 1329703613.752521 -1 4 22
6.211909 1329703613.760424 0 4 22
6.240574 1329703613.771114 0 5 22
6.240574 1329703613.782298 -1 5 22
6.282936 1329703613.787878 -1 6 21
6.282936 1329703613.794060 -1 6 21
6.323614 1329703613.804021 -1 7 21
6.323614 1329703613.810690 -1 7 21
6.365363 1329703613.819015 -1 7 21
6.365363 1329703613.827288 -1 7 21
6.407621 1329703613.835461 -1 7 21
6.407621 1329703613.844223 -1 7 21
6.449323 1329703613.852520 -1 7 21
6.449323 1329703613.860652 -1 6 21
6.481713 1329703613.868780 -2 6 21
6.481713 1329703613.879394 -2 6 21
6.521245 1329703613.885198 -2 6 21
6.521245 1329703613.895918 -3 6 21
6.572759 1329703613.902262 -3 6 21
6.572759 1329703613.910606 -4 6 21
6.619628 1329703613.920807 -4 6 21
6.619628 1329703613.927164 -4 5 21
6.649107 1329703613.935179 -4 5 21
6.649107 1329703613.943836 -4 5 21
6.681577 1329703613.952286 -3 5 21
6.681577 1329703613.960576 -3 5 21
6.722815 1329703613.968920 -3 5 21
6.722815 1329703613.998805 -3 5 21
6.765983 1329703614.012217 -3 4 21
6.765983 1329703614.019166 -3 4 21
6.804399 1329703614.027249 -3 4 21
6.804399 1329703614.035676 -3 4 21
6.847841 1329703614.043675 -3 4 21
6.847841 1329703614.052083 -3 4 21
6.881295 1329703614.060282 -3 4 21
6.881295 1329703614.068726 -2 4 20
6.924782 1329703614.077446 -2 4 20
6.924782 1329703614.085537 -2 4 20
6.964655 1329703614.094136 -2 4 20
6.964655 1329703614.107392 -2 4 20
7.006048 1329703614.110193 -2 4 20
7.006048 1329703614.118513 -2 4 20
7.047615 1329703614.127231 -2 4 20
7.047615 1329703614.135474 -2 4 20
7.080886 1329703614.143459 -2 4 20
7.080886 1329703614.153137 -2 3 20
7.123356 1329703614.160399 -2 3 20
7.123356 1329703614.168492 -2 3 19
7.164645 1329703614.177116 -2 3 19
7.164645 1329703614.185188 -2 3 19
7.205681 1329703614.193637 -2 3 19
7.205681 1329703614.202062 -2 3 19
7.247468 1329703614.210246 -2 3 19
7.247468 1329703614.218539 -2 3 19
7.284889 1329703614.226761 -2 3 19
7.284889 1329703614.235200 -1 3 19
7.320245 1329703614.243744 -1 3 19
7.320245 1329703614.252035 -1 3 19
7.370521 1329703614.260569 -1 3 19
7.370521 1329703614.268674 0 3 19
7.405772 1329703614.276742 0 3 19
7.405772 1329703614.285115 0 3 19
7.447375 1329703614.293591 0 3 19
7.447375 1329703614.313269 0 3 19
7.480949 1329703614.320344 0 4 19
7.480949 1329703614.326634 0 4 19
7.522421 1329703614.335134 0 4 19
7.522421 1329703614.343343 0 4 19
7.570446 1329703614.351890 0 4 19
7.570446 1329703614.360581 -1 4 19
7.601837 1329703614.368511 -1 4 19
7.601837 1329703614.376703 -1 4 19
7.647267 1329703614.385040 -1 4 19
7.647267 1329703614.393314 -1 4 19
7.680745 1329703614.401724 -1 4 18
7.680745 1329703614.422262 -1 4 18
7.732768 1329703614.434583 -1 4 18
7.732768 1329703614.436570 -1 4 18
7.763818 1329703614.443278 -1 4 18
7.763818 1329703614.451449 -1 4 18
7.806366 1329703614.460281 -1 4 18
7.806366 1329703614.468489 -1 4 18
7.847068 1329703614.476759 -1 4 18
7.847068 1329703614.485124 -1 4 18
7.880442 1329703614.493173 -1 4 18
7.880442 1329703614.501355 -1 4 18
7.921942 1329703614.510123 -1 4 18
7.921942 1329703614.518578 -1 3 18
7.966325 1329703614.526619 -2 3 18
7.966325 1329703614.535248 -2 3 18
8.005190 1329703614.542970 -2 3 18
8.005190 1329703614.551493 -2 3 18
8.047156 1329703614.560297 -2 3 18
8.047156 1329703614.568396 -2 3 18
8.088407 1329703614.593424 -2 3 18
8.088407 1329703614.615782 -1 3 18
8.121765 1329703614.626850 -1 2 18
8.121765 1329703614.640555 0 2 17
8.176536 1329703614.653650 0 2 17
8.176536 1329703614.660030 1 2 17
8.204957 1329703614.668317 2 2 17
8.204957 1329703614.676742 4 3 17
8.246540 1329703614.684541 6 3 17
8.246540 1329703614.693074 8 3 17
8.288028 1329703614.701595 11 3 16
8.288028 1329703614.709866 14 4 16
8.321407 1329703614.718274 16 4 16
8.321407 1329703614.729701 20 4 16
8.367688 1329703614.735257 23 4 17
8.367688 1329703614.742879 26 4 17
8.404073 1329703614.751569 30 4 17
8.404073 1329703614.759811 33 4 17
8.447451 1329703614.768006 37 4 17
8.447451 1329703614.776785 41 4 17
8.487930 1329703614.785079 43 4 17
8.487930 1329703614.792992 46 4 17
8.520551 1329703614.801207 47 4 17
8.520551 1329703614.809676 48 4 17
8.562360 1329703614.818014 49 4 17
8.562360 1329703614.826969 49 4 16
8.603819 1329703614.834670 49 4 16
8.603819 1329703614.842866 49 4 16
8.650442 1329703614.851278 48 4 16
8.650442 1329703614.859682 47 4 15
8.688112 1329703614.867987 45 4 15
8.688112 1329703614.876285 42 4 15
8.728530 1329703614.884619 40 4 15
8.728530 1329703614.903355 37 3 15
8.762707 1329703614.905223 34 3 15
8.762707 1329703614.909328 31 3 14
8.822256 1329703614.918014 27 3 14
8.822256 1329703614.927164 24 3 14
8.845435 1329703614.946400 21 3 14
8.845435 1329703614.951377 18 2 14
8.887138 1329703614.960000 14 2 14
8.887138 1329703614.968180 12 2 14
8.928496 1329703614.976444 9 2 14
8.928496 1329703614.984780 7 2 14
8.962234 1329703614.993495 5 2 14
8.962234 1329703615.001592 3 2 14
9.003830 1329703615.009952 2 2 15
9.003830 1329703615.018325 2 2 15
9.045444 1329703615.026898 1 2 15
9.045444 1329703615.034861 1 2 15
9.091773 1329703615.043357 1 2 15
9.091773 1329703615.051613 1 3 15
9.120516 1329703615.059823 1 3 15
9.120516 1329703615.068715 0 3 15
9.162396 1329703615.076593 0 3 15
9.162396 1329703615.084871 0 3 15
9.203871 1329703615.093322 0 3 15
9.203871 1329703615.101521 0 3 15
9.246184 1329703615.110078 0 3 15
9.246184 1329703615.118189 0 3 15
9.298260 1329703615.126534 0 3 15
9.298260 1329703615.134976 0 3 15
9.320494 1329703615.143283 0 3 15
9.320494 1329703615.155134 0 3 15
9.362176 1329703615.161882 -1 3 16
9.362176 1329703615.174303 -1 3 16
9.403726 1329703615.176546 -1 3 16
9.403726 1329703615.184692 -1 3 16
9.445568 1329703615.193313 -1 3 16
9.445568 1329703615.218508 -1 3 16
9.486980 1329703615.231755 0 3 16
9.486980 1329703615.235103 0 3 15
9.520141 1329703615.243138 0 3 15
9.520141 1329703615.251511 0 3 15
9.568270 1329703615.259995 0 3 15
9.568270 1329703615.267736 0 3 15
9.603615 1329703615.281596 0 3 15
9.603615 1329703615.286579 0 3 15
9.645551 1329703615.298116 -1 3 15
9.645551 1329703615.300824 -1 2 15
9.681755 1329703615.309723 -1 2 15
9.681755 1329703615.318251 -1 2 15
9.730242 1329703615.326180 -1 2 15
9.730242 1329703615.334942 -1 2 15
9.762140 1329703615.342584 -1 1 15
9.762140 1329703615.351385 -1 1 14
9.803579 1329703615.359885 -1 1 14
9.803579 1329703615.370095 -1 1 14
9.845107 1329703615.376166 -1 2 14
9.845107 1329703615.384676 -1 2 13
9.886690 1329703615.392597 -1 2 13
9.886690 1329703615.401171 -1 2 13
9.928588 1329703615.409882 -1 2 13
9.928588 1329703615.418302 -1 2 13
9.961806 1329703615.425903 -1 2 13
9.961806 1329703615.434866 -1 2 13
10.003095 1329703615.442842 -1 2 13
10.003095 1329703615.451070 0 2 13
10.045087 1329703615.459966 0 2 13
10.045087 1329703615.467807 0 2 13
10.087045 1329703615.475866 0 2 13
10.087045 1329703615.484740 0 1 13
10.120361 1329703615.492832 0 1 13
10.120361 1329703615.501118 0 1 13
10.161956 1329703615.510076 -1 0 14
10.161956 1329703615.517704 -1 0 14
10.203267 1329703615.525997 -1 0 14
10.203267 1329703615.536592 -2 0 14
10.245228 1329703615.542491 -2 0 15
10.245228 1329703615.550649 -2 0 15
10.294431 1329703615.559623 -3 0 15
10.294431 1329703615.567879 -3 0 15
10.328398 1329703615.575918 -3 0 16
10.328398 1329703615.585072 -3 1 16
10.361451 1329703615.592511 -3 1 16
10.361451 1329703615.603054 -3 1 16
10.406222 1329703615.609618 -2 2 16
10.406222 1329703615.618000 -2 2 16
10.445033 1329703615.625891 -2 2 16
10.445033 1329703615.634427 -2 2 16
10.497217 1329703615.642422 -1 2 16
10.497217 1329703615.650554 -1 2 16
10.519939 1329703615.659531 -1 2 16
10.519939 1329703615.667934 -1 2 16
10.561256 1329703615.676169 -1 2 16
10.561256 1329703615.684475 -2 2 16
10.602963 1329703615.692815 -2 1 15
10.602963 1329703615.701277 -2 1 15
10.639909 1329703615.710158 -2 1 15
10.639909 1329703615.717995 -2 1 15
10.686341 1329703615.726097 -2 1 15
10.686341 1329703615.734701 -2 1 15
10.727747 1329703615.742786 -2 1 15
10.727747 1329703615.751778 -2 1 15
10.761244 1329703615.759718 -2 1 15
10.761244 1329703615.767897 -2 1 15
10.813390 1329703615.775966 -2 1 15
10.813390 1329703615.784470 -2 1 15
10.844367 1329703615.793170 -2 1 15
10.844367 1329703615.803592 -2 2 15
10.886522 1329703615.809345 -2 2 15
10.886522 1329703615.817341 -2 2 15
10.920018 1329703615.825969 -2 2 15
10.920018 1329703615.834388 -2 2 15
10.962126 1329703615.842743 -2 2 15
10.962126 1329703615.850962 -2 2 15
11.004870 1329703615.859622 -2 2 15
11.004870 1329703615.867576 -2 2 15
11.044048 1329703615.875963 -2 2 15
11.044048 1329703615.884387 -2 2 15
11.085766 1329703615.892804 -2 2 15
11.085766 1329703615.900959 -2 2 15
11.127516 1329703615.909316 -2 2 15
11.127516 1329703615.917180 -2 2 15
11.160796 1329703615.926164 -2 2 15
11.160796 1329703615.934221 -2 2 15
11.202847 1329703615.942668 -2 2 15
11.202847 1329703615.951043 -2 2 15
11.244858 1329703615.959256 -2 2 15
11.244858 1329703615.967382 -2 3 15
11.291616 1329703615.976017 -2 3 15
11.291616 1329703615.983852 -2 3 15
11.328417 1329703615.993134 -2 3 15
11.328417 1329703616.000935 -1 3 15
11.360731 1329703616.009426 -1 3 15
11.360731 1329703616.017195 -1 3 15
11.402431 1329703616.026111 -1 3 15
11.402431 1329703616.034035 -1 3 15
11.445046 1329703616.042182 -1 3 15
11.445046 1329703616.052891 0 3 15
11.495838 1329703616.067272 0 3 15
11.495838 1329703616.079009 0 3 15
11.526926 1329703616.085680 0 3 15
11.526926 1329703616.092291 0 3 15
11.568590 1329703616.108794 1 3 15
11.568590 1329703616.111346 2 3 15
11.601577 1329703616.118661 3 3 15
11.601577 1329703616.127538 4 3 15
11.643067 1329703616.134157 6 3 15
11.643067 1329703616.142297 8 3 15
11.685053 1329703616.151366 10 3 14
11.685053 1329703616.159055 12 4 14
11.726145 1329703616.166977 15 4 14
11.726145 1329703616.178651 17 4 14
11.768207 1329703616.184218 20 4 14
11.768207 1329703616.192112 23 4 14
11.800838 1329703616.200728 26 4 14
11.800838 1329703616.209081 29 4 14
11.849434 1329703616.217680 31 5 14
11.849434 1329703616.231985 34 5 14
11.884093 1329703616.234798 37 5 14
11.884093 1329703616.242253 40 5 14
11.926773 1329703616.250678 43 5 14
11.926773 1329703616.258946 45 5 14
11.968324 1329703616.267171 47 5 14
11.968324 1329703616.280817 49 5 14
12.000745 1329703616.295639 50 6 14
12.000745 1329703616.300455 51 6 14
12.042532 1329703616.308979 52 6 14
12.042532 1329703616.317418 53 6 14
12.084108 1329703616.325540 53 6 14
12.084108 1329703616.333578 53 6 13
12.129174 1329703616.344597 54 6 13
12.129174 1329703616.351073 54 6 14
12.167249 1329703616.358838 54 6 14
12.167249 1329703616.367045 54 6 14
12.200573 1329703616.375487 54 6 14
12.200573 1329703616.383646 54 6 14
12.242518 1329703616.392195 54 7 14
12.242518 1329703616.400058 53 7 14
12.283823 1329703616.409112 52 7 14
12.283823 1329703616.417087 51 7 14
12.325478 1329703616.427417 50 7 14
12.325478 1329703616.433575 48 7 14
12.375720 1329703616.444337 46 7 14
12.375720 1329703616.458429 44 7 14
12.400494 1329703616.470608 42 6 14
12.400494 1329703616.485420 40 6 14
12.442720 1329703616.499547 38 6 14
12.442720 1329703616.501716 35 6 14
12.487074 1329703616.508968 33 5 15
12.487074 1329703616.517147 30 5 15
12.525745 1329703616.531833 28 5 15
12.525745 1329703616.554846 26 5 15
12.564052 1329703616.568749 23 5 15
12.564052 1329703616.571231 21 5 15
12.601144 1329703616.575563 18 5 14
12.601144 1329703616.583776 16 4 14
12.642152 1329703616.592164 14 4 14
12.642152 1329703616.606515 11 4 14
12.683956 1329703616.609226 9 4 14
12.683956 1329703616.616896 7 4 14
12.725476 1329703616.625417 5 4 14
12.725476 1329703616.633810 3 4 14
12.768277 1329703616.642044 2 4 14
12.768277 1329703616.650620 1 4 14
12.800394 1329703616.658907 0 4 14
12.800394 1329703616.667894 0 4 14
12.841927 1329703616.677429 0 4 14
12.841927 1329703616.683642 -1 4 15
12.883451 1329703616.691833 -1 4 15
12.883451 1329703616.704449 -1 4 15
12.925348 1329703616.708679 -1 4 15
12.925348 1329703616.717020 -1 3 15
12.967443 1329703616.725471 -1 3 14
12.967443 1329703616.734056 -1 3 14
13.000339 1329703616.742423 -1 3 14
13.000339 1329703616.755411 -1 3 14
13.042871 1329703616.758886 -1 3 14
13.042871 1329703616.767113 -1 3 14
13.084835 1329703616.775610 0 3 15
13.084835 1329703616.784034 0 3 15
13.125298 1329703616.794296 0 3 15
13.125298 1329703616.800460 0 3 15
13.167141 1329703616.812233 0 3 15
13.167141 1329703616.817486 0 3 15
13.200961 1329703616.826260 0 3 15
13.200961 1329703616.833825 0 3 15
13.253653 1329703616.842270 0 3 15
13.253653 1329703616.850701 0 3 15
13.283626 1329703616.859897 0 3 15
13.283626 1329703616.867080 0 3 15
13.325074 1329703616.875809 0 3 15
13.325074 1329703616.883808 0 3 16
13.367106 1329703616.891934 0 3 16
13.367106 1329703616.902545 0 3 16
13.401246 1329703616.908851 0 4 16
13.401246 1329703616.916917 0 4 16
13.451534 1329703616.925627 0 4 16
13.451534 1329703616.933672 0 4 16
13.484489 1329703616.942081 0 4 16
13.484489 1329703616.951049 0 4 16
13.534863 1329703616.958832 0 4 16
13.534863 1329703616.966738 0 4 16
13.568278 1329703616.975594 0 4 16
13.568278 1329703616.983423 0 4 16
13.601007 1329703616.992744 0 4 16
13.601007 1329703617.012914 0 4 16
13.652898 1329703617.017178 0 4 16
13.652898 1329703617.025183 0 4 16
13.683832 1329703617.033623 0 4 16
13.683832 1329703617.041974 0 4 16
13.725609 1329703617.049789 0 4 16
13.725609 1329703617.064696 0 4 16
13.767520 1329703617.078497 0 4 16
13.767520 1329703617.102082 0 5 16
13.813698 1329703617.116225 0 5 16
13.813698 1329703617.118919 0 5 16
13.841901 1329703617.124792 0 5 16
13.841901 1329703617.133535 0 5 16
13.883482 1329703617.142703 0 5 16
13.883482 1329703617.163102 0 5 16
13.940567 1329703617.166617 0 5 16
13.940567 1329703617.175165 0 5 16
13.966874 1329703617.183278 0 5 16
13.966874 1329703617.192599 0 5 16
14.003568 1329703617.201341 0 5 16
14.003568 1329703617.208325 0 5 16
14.042248 1329703617.217225 0 5 16
14.042248 1329703617.225026 0 5 16
14.083824 1329703617.232955 0 5 16
14.083824 1329703617.241522 0 5 16
14.125242 1329703617.250052 0 5 16
14.125242 1329703617.258431 0 5 16
14.166900 1329703617.266360 0 5 16
14.166900 1329703617.275096 0 5 16
14.200408 1329703617.282825 -1 5 15
14.200408 1329703617.291522 -1 5 15
14.243606 1329703617.299891 -1 5 15
14.243606 1329703617.309415 -1 5 15
14.283187 1329703617.316564 -1 5 15
14.283187 1329703617.325475 -1 5 15
14.324745 1329703617.334876 -2 5 15
14.324745 1329703617.347873 -2 5 15
14.366937 1329703617.350414 -3 6 15
14.366937 1329703617.362548 -3 6 14
14.400224 1329703617.367435 -3 6 14
14.400224 1329703617.374990 -4 6 14
14.446982 1329703617.382783 -4 6 14
14.446982 1329703617.391410 -4 5 13
14.489731 1329703617.399647 -4 5 13
14.489731 1329703617.408253 -4 5 13
14.525827 1329703617.416420 -4 5 13
14.525827 1329703617.424836 -4 4 13
14.566277 1329703617.433016 -4 4 13
14.566277 1329703617.441448 -3 4 12
14.607464 1329703617.450022 -3 3 12
14.607464 1329703617.458163 -2 3 11
14.641489 1329703617.468219 -2 2 11
14.641489 1329703617.474586 -1 2 10
14.685895 1329703617.482982 0 1 10
14.685895 1329703617.491321 1 1 9
14.723260 1329703617.500102 2 1 9
14.723260 1329703617.508093 4 1 8
14.765362 1329703617.516309 7 2 8
14.765362 1329703617.524605 11 2 8
14.802690 1329703617.532743 15 3 8
14.802690 1329703617.541494 21 4 8
14.848182 1329703617.549385 26 5 9
14.848182 1329703617.558093 32 5 9
14.881531 1329703617.566401 38 5 10
14.881531 1329703617.574841 43 6 10
14.923036 1329703617.583456 47 6 10
14.923036 1329703617.591121 51 6 10
14.965470 1329703617.600988 54 5 10
14.965470 1329703617.607954 55 5 9
15.006489 1329703617.618357 56 5 8
15.006489 1329703617.624343 57 5 8
15.047878 1329703617.633476 56 5 7
15.047878 1329703617.641301 55 4 6
15.081419 1329703617.649318 53 4 6
15.081419 1329703617.658061 51 4 6
15.122796 1329703617.666852 48 3 5
15.122796 1329703617.674445 45 3 5
15.164870 1329703617.682652 41 3 5
15.164870 1329703617.691236 38 3 5
15.206504 1329703617.699983 34 3 5
15.206504 1329703617.707984 30 4 5
15.248142 1329703617.716012 26 4 5
15.248142 1329703617.724374 23 4 5
15.290228 1329703617.732581 19 4 5
15.290228 1329703617.741567 16 4 6
15.333253 1329703617.749179 14 5 6
15.333253 1329703617.757895 11 5 6
15.364795 1329703617.776225 9 5 7
15.364795 1329703617.782663 7 5 7
15.407272 1329703617.790933 5 5 8
15.407272 1329703617.799496 4 5 8
15.447954 1329703617.807651 3 5 8
15.447954 1329703617.828365 2 4 9
15.481523 1329703617.851497 1 4 9
15.481523 1329703617.863619 0 4 10
15.523275 1329703617.868423 0 4 10
15.523275 1329703617.874306 0 4 10
15.564416 1329703617.882527 -1 4 11
15.564416 1329703617.891259 -1 4 11
15.614162 1329703617.899229 -2 3 11
15.614162 1329703617.913992 -2 3 11
15.646162 1329703617.916758 -2 3 11
15.646162 1329703617.924353 -2 3 12
15.684133 1329703617.932833 -2 3 12
15.684133 1329703617.940933 -2 4 12
15.722852 1329703617.949236 -2 4 12
15.722852 1329703617.957416 -2 4 12
15.764595 1329703617.965982 -2 4 12
15.764595 1329703617.974441 -2 4 12
15.806335 1329703617.983163 -2 4 12
15.806335 1329703617.990852 -2 4 12
15.840206 1329703617.998965 -2 4 12
15.840206 1329703618.007602 -2 4 12
15.882242 1329703618.021624 -2 4 12
15.882242 1329703618.024356 -2 4 12
15.924215 1329703618.032379 -2 4 12
15.924215 1329703618.040847 -2 4 12
15.964862 1329703618.049080 -2 4 12
15.964862 1329703618.057956 -2 4 12
16.006655 1329703618.065824 -2 4 12
16.006655 1329703618.074328 -2 5 12
16.050751 1329703618.082427 -1 5 12
16.050751 1329703618.090553 -1 5 12
16.081559 1329703618.101198 -1 5 12
16.081559 1329703618.113914 -1 5 12
16.123128 1329703618.116791 -1 5 12
16.123128 1329703618.128818 -1 6 12
16.165520 1329703618.145250 -1 6 12
16.165520 1329703618.166297 -1 6 12
16.206462 1329703618.174477 -1 6 12
16.206462 1329703618.182170 -1 6 12
16.247940 1329703618.190726 -1 6 12
16.247940 1329703618.199280 -1 6 13
16.281504 1329703618.215897 -1 6 13
16.281504 1329703618.224124 -1 6 13
16.322832 1329703618.232555 0 7 13
16.322832 1329703618.240619 0 7 13
16.364341 1329703618.248760 0 7 13
16.364341 1329703618.257512 0 7 13
16.406851 1329703618.276237 0 7 13
16.406851 1329703618.282560 0 7 13
16.440087 1329703618.290669 0 7 13
16.440087 1329703618.298748 -1 7 13
16.482031 1329703618.307294 -1 6 13
16.482031 1329703618.317664 -1 6 13
16.531778 1329703618.349725 -1 6 13
16.531778 1329703618.361524 -1 6 12
16.564486 1329703618.367787 -1 6 12
16.564486 1329703618.374082 -1 6 12
16.604517 1329703618.382058 -1 6 12
16.604517 1329703618.390592 -1 6 12
16.642941 1329703618.398610 -1 6 12
16.642941 1329703618.407126 -1 6 12
16.681307 1329703618.415536 -1 6 12
16.681307 1329703618.423919 -1 6 12
16.724537 1329703618.432966 -1 6 12
16.724537 1329703618.440704 -1 6 12
16.764408 1329703618.448682 -1 6 12
16.764408 1329703618.461593 -1 6 12
16.805002 1329703618.465408 -1 6 12
16.805002 1329703618.474621 -1 6 12
16.847584 1329703618.481798 -1 6 12
16.847584 1329703618.490272 -1 6 12
16.883529 1329703618.509737 -1 6 12
16.883529 1329703618.515609 -1 6 12
16.922685 1329703618.523272 -1 6 12
16.922685 1329703618.532034 -1 6 12
16.964071 1329703618.539934 -1 6 12
16.964071 1329703618.548661 -1 6 12
17.005970 1329703618.556766 -1 6 12
17.005970 1329703618.565304 -1 6 12
17.050143 1329703618.573539 -1 6 12
17.050143 1329703618.581961 -1 6 12
17.080491 1329703618.590598 -1 6 12
17.080491 1329703618.597946 -1 6 12
17.122568 1329703618.607531 -1 6 12
17.122568 1329703618.615388 -1 6 12
17.164643 1329703618.623332 -1 6 12
17.164643 1329703618.631835 -1 6 12
17.202096 1329703618.639845 -1 6 12
17.202096 1329703618.648095 -1 6 12
17.246869 1329703618.658732 -1 6 12
17.246869 1329703618.665255 -1 5 12
17.280521 1329703618.673325 -1 5 12
17.280521 1329703618.682422 -2 5 11
17.321873 1329703618.689934 -2 5 11
17.321873 1329703618.698332 -3 5 11
17.373634 1329703618.720010 -3 5 11
17.373634 1329703618.733855 -3 4 11
17.404973 1329703618.740123 -3 4 11
17.404973 1329703618.748418 -3 4 10
17.441148 1329703618.757346 -2 4 10
17.441148 1329703618.765098 0 4 10
17.489027 1329703618.773282 1 4 10
17.489027 1329703618.782823 4 3 11
17.522111 1329703618.790041 9 3 11
17.522111 1329703618.798313 13 3 11
17.562458 1329703618.806556 19 3 11
17.562458 1329703618.816027 25 3 11
17.603848 1329703618.823302 31 4 12
17.603848 1329703618.831447 36 4 12
17.645153 1329703618.839837 42 5 12
17.645153 1329703618.850344 46 5 12
17.686831 1329703618.856390 50 5 12
17.686831 1329703618.864835 52 5 11
17.720464 1329703618.873388 54 5 11
17.720464 1329703618.911019 56 5 10
17.762102 1329703618.922971 57 4 9
17.762102 1329703618.931951 57 4 9
17.803811 1329703618.939514 56 4 8
17.803811 1329703618.947559 54 4 7
17.844976 1329703618.955949 52 4 7
17.844976 1329703618.964265 49 3 6
17.886831 1329703618.972569 45 3 6
17.886831 1329703618.980691 41 3 6
17.920157 1329703618.990939 37 3 6
17.920157 1329703618.997482 33 3 6
17.961893 1329703619.005690 29 3 6
17.961893 1329703619.014046 25 3 6
18.006213 1329703619.023384 22 2 6
18.006213 1329703619.030803 19 2 6
18.045788 1329703619.039039 16 1 6
18.045788 1329703619.047333 14 0 6
18.086901 1329703619.055839 13 0 7
18.086901 1329703619.063900 11 0 7
18.122895 1329703619.077604 11 0 7
18.122895 1329703619.080619 10 0 8
18.168177 1329703619.089094 10 0 9
18.168177 1329703619.099204 9 0 9
18.203772 1329703619.105778 9 0 9
18.203772 1329703619.115506 8 1 10
18.245238 1329703619.135601 8 1 10
18.245238 1329703619.138717 7 2 10
18.287116 1329703619.147271 7 2 10
18.287116 1329703619.155664 6 2 10
18.320493 1329703619.163898 5 2 11
18.320493 1329703619.172353 4 2 11
18.361904 1329703619.180644 4 2 11
18.361904 1329703619.193910 3 2 11
18.403591 1329703619.197100 3 3 11
18.403591 1329703619.205502 3 3 11
18.456752 1329703619.213752 2 3 11
18.456752 1329703619.222113 2 3 11
18.487230 1329703619.231548 2 3 11
18.487230 1329703619.245167 2 3 11
18.520534 1329703619.247000 1 3 11
18.520534 1329703619.255352 1 3 12
18.562256 1329703619.263733 1 3 12
18.562256 1329703619.272005 1 4 12
18.611078 1329703619.280466 1 4 12
18.611078 1329703619.288838 1 4 12
18.645782 1329703619.297071 1 4 12
18.645782 1329703619.306151 0 4 12
18.687245 1329703619.313616 0 4 12
18.687245 1329703619.321952 0 4 12
18.720644 1329703619.330581 0 5 12
18.720644 1329703619.338927 0 5 12
18.762030 1329703619.365688 0 5 12
18.762030 1329703619.376695 0 5 12
18.803778 1329703619.380574 0 5 12
18.803778 1329703619.388890 0 5 12
18.845150 1329703619.397353 0 5 12
18.845150 1329703619.405663 0 6 12
18.885223 1329703619.413762 0 6 12
18.885223 1329703619.421831 0 6 12
18.921655 1329703619.430590 0 6 12
18.921655 1329703619.439892 0 6 12
18.962379 1329703619.447338 0 6 12
18.962379 1329703619.455758 0 7 12
19.005660 1329703619.463859 0 7 12
19.005660 1329703619.471970 -1 7 12
19.043473 1329703619.480615 -1 6 12
19.043473 1329703619.489984 -1 6 12
19.087930 1329703619.497366 -1 6 12
19.087930 1329703619.505734 -1 5 12
19.120492 1329703619.513969 -1 5 12
19.120492 1329703619.521796 -1 5 12
19.162071 1329703619.530436 -1 4 12
19.162071 1329703619.539007 -1 4 12
19.203858 1329703619.547316 -1 4 12
19.203858 1329703619.555546 -1 4 12
19.245472 1329703619.563793 -1 4 12
19.245472 1329703619.572016 -1 4 11
19.287157 1329703619.580762 -1 4 11
19.287157 1329703619.588911 -1 4 11
19.320349 1329703619.607702 -1 4 11
19.320349 1329703619.610056 -1 4 11
19.361754 1329703619.635159 -1 4 11
19.361754 1329703619.638987 -1 3 11
19.403546 1329703619.647225 -1 3 11
19.403546 1329703619.655713 -1 3 11
19.446064 1329703619.663973 -1 3 11
19.446064 1329703619.672230 -1 3 11
19.487213 1329703619.681422 -1 3 11
19.487213 1329703619.688903 -1 4 11
19.519854 1329703619.698109 -1 3 11
19.519854 1329703619.705865 -1 3 11
19.570742 1329703619.714043 -1 4 11
19.570742 1329703619.722345 -1 4 11
19.604054 1329703619.730677 -1 4 11
19.604054 1329703619.739024 -1 4 11
19.639795 1329703619.747355 -1 4 11
19.639795 1329703619.755663 -1 4 11
19.688162 1329703619.763964 -1 4 11
19.688162 1329703619.772459 -1 4 11
19.720197 1329703619.780940 -1 4 11
19.720197 1329703619.789566 -1 4 11
19.762988 1329703619.797434 -1 4 11
19.762988 1329703619.805555 -1 4 11
19.804052 1329703619.814233 -1 4 11
19.804052 1329703619.822359 -1 4 11
19.844801 1329703619.841733 -1 4 11
19.844801 1329703619.844706 -2 4 11
19.885883 1329703619.858246 -2 4 11
19.885883 1329703619.863945 -2 4 11
19.920450 1329703619.872283 -2 4 11
19.920450 1329703619.880734 -2 4 11
19.961275 1329703619.901233 -2 4 11
19.961275 1329703619.905492 -2 4 11
20.003037 1329703619.913769 -2 4 11
20.003037 1329703619.922332 -2 4 11
20.044194 1329703619.930413 -2 4 11
20.044194 1329703619.939021 -2 4 11
20.086515 1329703619.947171 -2 4 11
20.086515 1329703619.956245 -2 5 11
20.121874 1329703619.963835 -2 5 11
20.121874 1329703619.972083 -2 5 11
20.161014 1329703619.980315 -2 5 12
20.161014 1329703619.989024 -2 5 12
20.202913 1329703619.999479 -2 5 12
20.202913 1329703620.005315 -2 5 12
20.243850 1329703620.013840 -2 5 12
20.243850 1329703620.022265 -2 5 12
20.286087 1329703620.030460 -3 5 12
20.286087 1329703620.038774 -3 6 11
20.332842 1329703620.048896 -3 6 11
20.332842 1329703620.055442 -3 6 11
20.366554 1329703620.063485 -3 6 11
20.366554 1329703620.072237 -4 6 11
20.402364 1329703620.080233 -4 5 10
20.402364 1329703620.088379 -4 5 10
20.443955 1329703620.099113 -5 5 9
20.443955 1329703620.111759 -6 5 9
20.485166 1329703620.125467 -6 5 8
20.485166 1329703620.132384 -6 5 8
20.526378 1329703620.138692 -6 5 8
20.526378 1329703620.147216 -5 4 7
20.568322 1329703620.155856 -5 4 7
20.568322 1329703620.163785 -4 4 7
20.601997 1329703620.172315 -2 4 7
20.601997 1329703620.180820 0 3 7
20.642808 1329703620.189010 2 3 7
20.642808 1329703620.197417 5 3 7
20.692493 1329703620.205630 10 3 7
20.692493 1329703620.213890 15 4 6
20.734298 1329703620.225178 21 4 7
20.734298 1329703620.230757 28 5 7
20.767565 1329703620.239073 34 5 7
20.767565 1329703620.247304 41 6 7
20.807599 1329703620.255661 46 7 8
20.807599 1329703620.273719 51 7 8
20.842348 1329703620.280603 55 8 9
20.842348 1329703620.288893 58 8 9
20.884195 1329703620.297310 60 8 9
20.884195 1329703620.305496 61 9 9
20.925606 1329703620.313959 61 9 8
20.925606 1329703620.322064 61 8 8
20.967450 1329703620.330439 59 8 7
20.967450 1329703620.338593 57 8 6
21.015992 1329703620.347108 53 8 5
21.015992 1329703620.355038 50 8 5
21.042237 1329703620.363802 45 8 4
21.042237 1329703620.371959 41 8 4
21.084201 1329703620.388577 36 8 3
21.084201 1329703620.396995 31 8 3
21.133702 1329703620.405298 26 8 3
21.133702 1329703620.413661 21 8 2
21.164434 1329703620.421874 16 8 2
21.164434 1329703620.430131 12 8 2
21.201076 1329703620.449284 8 8 2
21.201076 1329703620.455410 5 8 2
21.249589 1329703620.463525 2 7 3
21.249589 1329703620.472068 0 7 3
21.284200 1329703620.480479 0 7 4
21.284200 1329703620.488255 -2 7 4
21.325506 1329703620.496703 -3 7 4
21.325506 1329703620.505303 -4 6 5
21.360752 1329703620.513573 -4 6 6
21.360752 1329703620.521466 -5 6 6
21.401081 1329703620.530365 -5 6 7
21.401081 1329703620.538530 -5 6 7
21.442578 1329703620.546572 -5 6 8
21.442578 1329703620.566539 -5 5 8
21.484436 1329703620.571929 -6 5 9
21.484436 1329703620.580137 -6 4 9
21.527232 1329703620.588557 -6 4 10
21.527232 1329703620.596767 -6 4 10
21.560402 1329703620.605183 -6 4 10
21.560402 1329703620.620322 -6 4 10
21.601185 1329703620.623148 -6 3 10
21.601185 1329703620.630430 -6 4 10
21.642159 1329703620.638623 -5 4 10
21.642159 1329703620.646712 -5 4 10
21.689803 1329703620.656280 -5 4 11
21.689803 1329703620.663780 -5 4 11
21.738912 1329703620.671879 -4 4 11
21.738912 1329703620.680380 -4 4 11
21.767583 1329703620.688564 -4 4 11
21.767583 1329703620.696517 -4 4 10
21.800967 1329703620.705364 -3 4 10
21.800967 1329703620.713904 -3 4 10
21.842724 1329703620.728550 -3 4 10
21.842724 1329703620.731711 -3 4 10
21.893294 1329703620.739023 -3 4 10
21.893294 1329703620.746700 -3 4 10
21.926404 1329703620.755446 -3 4 10
21.926404 1329703620.763632 -3 4 9
21.967761 1329703620.771837 -3 4 9
21.967761 1329703620.780446 -3 4 9
22.001330 1329703620.788687 -3 4 9
22.001330 1329703620.796730 -3 4 9
22.045036 1329703620.805105 -3 4 9
22.045036 1329703620.814080 -3 4 9
22.084349 1329703620.821736 -4 4 9
22.084349 1329703620.837824 -4 5 9
22.125827 1329703620.840885 -4 5 9
22.125827 1329703620.846651 -4 5 8
22.167556 1329703620.855015 -4 4 8
22.167556 1329703620.863571 -4 5 9
22.201456 1329703620.871847 -4 5 9
22.201456 1329703620.883444 -4 5 9
22.242310 1329703620.888614 -4 4 9
22.242310 1329703620.896430 -4 4 9
22.284191 1329703620.904877 -4 4 9
22.284191 1329703620.913875 -4 4 8
22.326420 1329703620.921591 -4 4 8
22.326420 1329703620.929706 -4 4 8
22.367921 1329703620.949706 -4 4 8
22.367921 1329703620.954741 -4 4 8
22.402534 1329703620.963198 -4 4 8
22.402534 1329703620.973827 -4 4 8
22.442399 1329703620.979939 -4 4 8
22.442399 1329703620.988478 -4 4 8
22.493309 1329703621.015966 -4 4 8
22.493309 1329703621.040590 -4 4 8
22.525596 1329703621.054443 -4 4 8
22.525596 1329703621.057424 -3 4 8
22.567264 1329703621.063416 -3 4 8
22.567264 1329703621.071823 -3 4 8
22.608539 1329703621.080272 -3 3 8
22.608539 1329703621.087940 -3 3 8
22.642318 1329703621.096744 -3 3 8
22.642318 1329703621.104672 -3 3 8
22.683969 1329703621.114122 -3 3 8
22.683969 1329703621.121525 -3 3 8
22.725180 1329703621.132334 -3 3 8
22.725180 1329703621.138113 -3 3 8
22.766808 1329703621.146436 -3 3 8
22.766808 1329703621.154931 -3 3 9
22.800242 1329703621.163117 -3 3 9
22.800242 1329703621.171560 -3 3 9
22.842073 1329703621.183298 -3 3 9
22.842073 1329703621.188140 -3 3 9
22.884140 1329703621.196320 -3 3 9
22.884140 1329703621.204660 -3 3 9
22.925062 1329703621.213414 -2 3 9
22.925062 1329703621.222279 -2 3 9
22.966836 1329703621.229824 -2 3 9
22.966836 1329703621.238217 -2 3 9
23.000101 1329703621.246681 -2 3 9
23.000101 1329703621.255517 -2 3 9
23.048169 1329703621.262919 -2 3 9
23.048169 1329703621.271197 -2 3 9
23.084021 1329703621.280091 -2 4 9
23.084021 1329703621.288907 -2 4 9
23.125167 1329703621.296414 -2 4 9
23.125167 1329703621.304707 -1 4 9
23.173810 1329703621.313115 -1 4 9
23.173810 1329703621.321187 -1 4 9
23.199816 1329703621.333233 -1 4 9
23.199816 1329703621.356536 -1 4 9
23.241191 1329703621.363247 -1 5 9
23.241191 1329703621.371235 -1 5 9
23.284387 1329703621.379739 -1 5 9
23.284387 1329703621.387758 -1 5 9
23.324769 1329703621.396497 -1 5 9
23.324769 1329703621.404373 -1 5 9
23.365989 1329703621.412977 -1 5 9
23.365989 1329703621.421542 -1 5 9
23.407865 1329703621.429945 -1 5 9
23.407865 1329703621.437884 -1 5 9
23.443395 1329703621.460392 -1 5 9
23.443395 1329703621.463158 0 4 9
23.482589 1329703621.471354 0 5 9
23.482589 1329703621.479485 0 5 9
23.524065 1329703621.487961 0 5 8
23.524065 1329703621.496224 0 5 8
23.566675 1329703621.504773 -1 5 8
23.566675 1329703621.512542 -1 6 7
23.607576 1329703621.521157 -1 6 7
23.607576 1329703621.529566 -1 6 7
23.640255 1329703621.537570 0 6 7
23.640255 1329703621.548258 0 6 7
23.681896 1329703621.555112 0 6 7
23.681896 1329703621.562572 2 6 7
23.723329 1329703621.571257 3 6 7
23.723329 1329703621.579557 6 6 8
23.764843 1329703621.587505 9 7 8
23.764843 1329703621.603919 13 7 9
23.810303 1329703621.618866 18 7 10
23.810303 1329703621.621591 24 7 10
23.847728 1329703621.629346 30 7 11
23.847728 1329703621.637597 36 8 11
23.884014 1329703621.645840 41 8 12
23.884014 1329703621.654065 47 8 13
23.924097 1329703621.670944 51 8 13
23.924097 1329703621.673679 54 8 13
23.964309 1329703621.679554 57 8 13
23.964309 1329703621.687565 59 8 13
24.005863 1329703621.696020 60 8 12
24.005863 1329703621.704231 60 8 12
24.047609 1329703621.712927 60 8 11
24.047609 1329703621.720717 59 8 10
24.081272 1329703621.729104 57 7 9
24.081272 1329703621.737750 54 7 8
24.122867 1329703621.746262 51 7 7
24.122867 1329703621.754060 47 6 6
24.165923 1329703621.762664 43 6 6
24.165923 1329703621.771067 39 6 5
24.205901 1329703621.779374 35 5 5
24.205901 1329703621.788301 31 5 4
24.247719 1329703621.795960 27 5 4
24.247719 1329703621.804106 23 5 4
24.297618 1329703621.812934 20 5 4
24.297618 1329703621.835118 16 5 4
24.322818 1329703621.838342 13 5 4
24.322818 1329703621.845854 10 5 4
24.364155 1329703621.854323 8 4 4
24.364155 1329703621.862787 5 4 5
24.406456 1329703621.871874 3 4 5
24.406456 1329703621.879231 2 4 5
24.458589 1329703621.887808 1 4 6
24.458589 1329703621.895907 0 4 6
24.481118 1329703621.904111 -1 4 7
24.481118 1329703621.912381 -2 4 7
24.536172 1329703621.923964 -2 4 8
24.536172 1329703621.928996 -3 4 8
24.564414 1329703621.937537 -3 4 8
24.564414 1329703621.945838 -4 4 9
24.606435 1329703621.954217 -4 4 9
24.606435 1329703621.962496 -4 4 9
24.640569 1329703621.977019 -4 4 9
24.640569 1329703621.979968 -3 4 10
24.681046 1329703621.987651 -3 4 10
24.681046 1329703621.995506 -2 4 10
24.722963 1329703622.004008 -2 5 10
24.722963 1329703622.011888 -1 5 10
24.764414 1329703622.022998 -1 5 10
24.764414 1329703622.039317 -1 6 10
24.806041 1329703622.045623 -1 6 10
24.806041 1329703622.053699 -1 6 10
24.840006 1329703622.062165 -1 6 10
24.840006 1329703622.070408 -1 6 10
24.881080 1329703622.079002 -1 6 10
24.881080 1329703622.089045 -1 6 10
24.923000 1329703622.095447 -1 6 10
24.923000 1329703622.103566 -1 7 10
24.964495 1329703622.112078 0 7 10
24.964495 1329703622.120210 0 7 10
25.006096 1329703622.128537 0 7 10
25.006096 1329703622.136886 0 7 10
25.047802 1329703622.145024 -1 7 10
25.047802 1329703622.153239 -1 7 10
25.081056 1329703622.163388 -1 7 10
25.081056 1329703622.169712 -1 7 10
25.122705 1329703622.178618 -1 7 10
25.122705 1329703622.186574 -1 7 10
25.164632 1329703622.194836 -2 7 9
25.164632 1329703622.203120 -2 7 9
25.224299 1329703622.211492 -2 7 9
25.224299 1329703622.219466 -2 7 9
25.247627 1329703622.228503 -2 7 9
25.247627 1329703622.236430 -2 7 9
25.281344 1329703622.244744 -2 7 9
25.281344 1329703622.252958 -2 6 9
25.322878 1329703622.261285 -3 6 9
25.322878 1329703622.269655 -3 6 9
25.364840 1329703622.278397 -3 6 9
25.364840 1329703622.285850 -3 6 8
25.406286 1329703622.294582 -3 6 8
25.406286 1329703622.302926 -3 6 8
25.443345 1329703622.311632 -3 6 8
25.443345 1329703622.319584 -3 6 8
25.481168 1329703622.327893 -3 6 8
25.481168 1329703622.335912 -3 5 8
25.522487 1329703622.344291 -3 5 8
25.522487 1329703622.353743 -3 5 8
25.564106 1329703622.360868 -3 5 8
25.564106 1329703622.369052 -2 5 8
25.606436 1329703622.378977 -2 5 8
25.606436 1329703622.392769 -2 5 8
25.650224 1329703622.406453 -2 5 8
25.650224 1329703622.412809 -2 5 8
25.689710 1329703622.419084 -2 5 8
25.689710 1329703622.427586 -2 5 8
25.722268 1329703622.436061 -2 5 8
25.722268 1329703622.444252 -2 5 8
25.764124 1329703622.452839 -2 5 8
25.764124 1329703622.461534 -2 5 8
25.805603 1329703622.470233 -2 6 8
25.805603 1329703622.477586 -2 6 8
25.847264 1329703622.485991 -2 6 8
25.847264 1329703622.494163 -2 6 9
25.886871 1329703622.502717 -1 6 9
25.886871 1329703622.511754 -1 6 9
25.922542 1329703622.519407 -1 6 9
25.922542 1329703622.527461 -1 5 9
25.966585 1329703622.536146 -1 5 9
25.966585 1329703622.544243 -1 5 9
26.005342 1329703622.552574 -1 5 10
26.005342 1329703622.560968 -1 5 10
26.046754 1329703622.569051 -1 4 10
26.046754 1329703622.577784 -1 4 10
26.080781 1329703622.585993 -1 3 11
26.080781 1329703622.594008 0 3 11
26.121855 1329703622.604536 0 2 11
26.121855 1329703622.610779 0 2 11
26.163417 1329703622.619133 0 1 11
26.163417 1329703622.627550 0 1 11
26.205248 1329703622.636045 0 0 11
26.205248 1329703622.644127 0 0 11
26.246333 1329703622.661644 0 0 12
26.246333 1329703622.672616 0 0 12
26.281071 1329703622.677536 1 0 12
26.281071 1329703622.685967 1 0 12
26.320702 1329703622.694241 1 0 12
26.320702 1329703622.702617 2 -1 12
26.362466 1329703622.710669 2 -1 12
26.362466 1329703622.719055 4 -1 13
26.403671 1329703622.727624 5 -1 13
26.403671 1329703622.735846 7 -1 14
26.441164 1329703622.743971 10 -1 14
26.441164 1329703622.752462 13 -1 14
26.491272 1329703622.760765 17 -1 14
26.491272 1329703622.773985 21 0 14
26.520233 1329703622.777097 25 0 14
26.520233 1329703622.786070 30 0 14
26.562973 1329703622.794193 34 0 14
26.562973 1329703622.802507 39 0 14
26.603278 1329703622.811887 43 0 14
26.603278 1329703622.818937 47 1 14
26.646293 1329703622.827176 50 1 14
26.646293 1329703622.835975 52 1 13
26.681910 1329703622.844025 55 1 13
26.681910 1329703622.852558 56 1 12
26.720026 1329703622.860714 57 1 12
26.720026 1329703622.868995 58 1 12
26.761740 1329703622.877140 57 1 12
26.761740 1329703622.885862 56 1 12
26.803130 1329703622.894116 53 1 12
26.803130 1329703622.902460 51 1 12
26.845830 1329703622.919191 47 1 12
26.845830 1329703622.921311 43 1 12
26.895673 1329703622.935354 39 1 12
26.895673 1329703622.937875 34 1 11
26.928598 1329703622.943969 30 1 11
26.928598 1329703622.952079 25 1 11
26.979136 1329703622.960337 21 0 11
26.979136 1329703622.986046 16 0 11
27.003573 1329703622.993877 12 0 11
27.003573 1329703623.002049 8 0 11
27.044101 1329703623.010349 5 0 10
27.044101 1329703623.030419 2 -1 10
27.086667 1329703623.035997 0 -1 10
27.086667 1329703623.046337 -2 -2 11
27.120205 1329703623.052189 -3 -3 11
27.120205 1329703623.060572 -4 -3 11
27.161789 1329703623.069177 -4 -3 11
27.161789 1329703623.077301 -4 -3 12
27.200128 1329703623.085129 -4 -3 12
27.200128 1329703623.093936 -3 -2 12
27.247082 1329703623.107513 -2 -2 13
27.247082 1329703623.110557 -2 -1 13
27.286435 1329703623.119155 -1 0 13
27.286435 1329703623.127274 -1 0 14
27.320272 1329703623.135475 0 0 14
27.320272 1329703623.144589 0 0 14
27.361632 1329703623.155941 0 0 14
27.361632 1329703623.161252 0 0 14
27.410788 1329703623.169115 0 0 15
27.410788 1329703623.177450 0 0 15
27.444306 1329703623.185450 0 0 15
27.444306 1329703623.193859 0 0 15
27.497209 1329703623.202304 0 0 14
27.497209 1329703623.210627 0 0 14
27.528379 1329703623.219235 0 0 14
27.528379 1329703623.227434 0 0 14
27.564329 1329703623.235447 0 0 15
27.564329 1329703623.243907 0 0 15
27.608963 1329703623.252310 0 0 15
27.608963 1329703623.260787 0 0 15
27.644985 1329703623.268929 0 0 15
27.644985 1329703623.277173 0 0 15
27.686765 1329703623.285510 0 0 15
27.686765 1329703623.294002 0 0 15
27.727617 1329703623.302299 0 0 15
27.727617 1329703623.311748 0 0 15
27.762702 1329703623.319009 0 0 15
27.762702 1329703623.327146 0 0 15
27.803513 1329703623.336006 0 0 15
27.803513 1329703623.343867 0 0 15
27.845272 1329703623.352415 0 0 15
27.845272 1329703623.370251 0 0 15
27.886599 1329703623.377246 0 0 15
27.886599 1329703623.385362 0 1 14
27.928132 1329703623.393719 0 1 14
27.928132 1329703623.402012 1 1 14
27.969467 1329703623.411085 1 1 14
27.969467 1329703623.418741 1 1 14
28.003531 1329703623.426963 1 1 13
28.003531 1329703623.435162 1 1 13
28.045304 1329703623.443685 1 1 13
28.045304 1329703623.452048 1 2 13
28.083522 1329703623.460521 1 2 13
28.083522 1329703623.468781 1 2 13
28.120497 1329703623.476831 1 2 13
28.120497 1329703623.485346 2 2 13
28.161822 1329703623.493725 2 3 13
28.161822 1329703623.502073 2 3 13
28.230723 1329703623.510869 2 3 13
28.230723 1329703623.518910 2 3 13
28.255256 1329703623.527150 1 3 13
28.255256 1329703623.535354 1 3 13
28.292848 1329703623.543812 1 3 13
28.292848 1329703623.552118 1 3 13
28.322331 1329703623.560618 1 3 13
28.322331 1329703623.568693 1 4 13
28.361593 1329703623.577216 1 4 13
28.361593 1329703623.586302 1 4 13
28.403362 1329703623.593463 1 4 13
28.403362 1329703623.602346 1 4 13
28.444605 1329703623.610729 1 4 13
28.444605 1329703623.618766 1 4 13
28.486411 1329703623.627353 1 4 13
28.486411 1329703623.635850 1 4 13
28.533845 1329703623.643870 1 4 13
28.533845 1329703623.652156 1 3 13
28.567182 1329703623.660799 1 3 13
28.567182 1329703623.668848 1 3 13
28.602846 1329703623.682911 1 3 13
28.602846 1329703623.685843 0 3 13
28.640364 1329703623.693752 0 3 13
28.640364 1329703623.702187 0 3 13
28.695440 1329703623.710642 0 3 13
28.695440 1329703623.719183 0 3 13
28.727473 1329703623.727349 0 3 13
28.727473 1329703623.735806 0 3 13
28.765654 1329703623.744457 0 3 13
28.765654 1329703623.751977 0 2 13
28.802872 1329703623.760692 0 2 13
28.802872 1329703623.768933 0 2 13
28.850904 1329703623.777894 0 2 13
28.850904 1329703623.797122 0 2 13
28.886023 1329703623.813285 0 2 13
28.886023 1329703623.818777 0 2 13
28.927834 1329703623.821355 0 1 13
28.927834 1329703623.827085 0 1 13
28.960926 1329703623.837403 0 0 13
28.960926 1329703623.843864 0 0 13
29.007064 1329703623.851982 0 0 13
29.007064 1329703623.860518 0 0 13
29.043610 1329703623.868532 0 0 13
29.043610 1329703623.877637 0 0 13
29.085807 1329703623.885662 0 0 13
29.085807 1329703623.894013 1 0 13
29.126924 1329703623.902344 1 0 13
29.126924 1329703623.910597 2 0 13
29.162030 1329703623.918651 3 0 12
29.162030 1329703623.927601 3 0 12
29.201758 1329703623.935928 5 0 12
29.201758 1329703623.944664 6 0 12
29.243094 1329703623.952387 8 0 12
29.243094 1329703623.960589 10 0 12
29.284856 1329703623.969235 13 0 12
29.284856 1329703623.977357 16 0 12
29.326143 1329703623.995010 20 0 13
29.326143 1329703624.001975 23 0 13
29.371062 1329703624.010574 27 0 13
29.371062 1329703624.019131 32 0 13
29.400876 1329703624.027120 36 0 13
29.400876 1329703624.035778 40 0 13
29.442483 1329703624.047816 44 0 13
29.442483 1329703624.052171 47 0 13
29.484422 1329703624.062757 50 0 13
29.484422 1329703624.069632 53 0 13
29.525510 1329703624.079950 55 0 13
29.525510 1329703624.085699 57 0 13
29.567262 1329703624.094161 58 0 13
29.567262 1329703624.102073 59 0 12
29.600686 1329703624.110657 59 1 12
29.600686 1329703624.118808 59 1 12
29.642292 1329703624.126993 58 1 13
29.642292 1329703624.135690 56 1 13
29.684185 1329703624.144510 54 2 13
29.684185 1329703624.152514 52 2 13
29.725743 1329703624.160193 49 3 13
29.725743 1329703624.169095 46 3 12
29.766975 1329703624.177611 43 3 12
29.766975 1329703624.196262 40 3 12
29.801564 1329703624.202866 36 4 12
29.801564 1329703624.210899 32 4 11
29.842260 1329703624.218881 28 4 11
29.842260 1329703624.227129 25 4 10
29.887875 1329703624.235665 22 3 10
29.887875 1329703624.248174 19 3 10
29.919764 1329703624.252352 17 2 10
29.919764 1329703624.261086 14 2 9
29.966981 1329703624.269095 12 2 9
29.966981 1329703624.277368 11 1 9
30.001870 1329703624.285528 9 1 10
30.001870 1329703624.294078 8 0 10
30.042670 1329703624.302467 8 0 10
30.042670 1329703624.310961 7 0 11
30.084191 1329703624.318706 6 0 11
30.084191 1329703624.326996 6 0 12
30.134398 1329703624.335689 5 0 12
30.134398 1329703624.357142 4 0 13
30.160054 1329703624.360535 4 0 13
30.160054 1329703624.369210 3 0 13
30.206651 1329703624.376817 3 0 13
30.206651 1329703624.385386 2 0 14
30.241995 1329703624.393834 2 0 14
30.241995 1329703624.402198 2 0 14
30.284351 1329703624.410843 2 0 14
30.284351 1329703624.419041 2 0 14
30.325718 1329703624.426921 2 0 14
30.325718 1329703624.435273 2 1 14
30.367733 1329703624.443908 2 1 14
30.367733 1329703624.459569 2 1 14
30.411976 1329703624.483932 2 1 14
30.411976 1329703624.498664 2 2 14
30.442825 1329703624.501808 2 2 14
30.442825 1329703624.510310 2 2 14
30.484053 1329703624.518823 2 2 14
30.484053 1329703624.527400 2 2 14
30.526253 1329703624.547043 2 2 13
30.526253 1329703624.553608 2 2 13
30.574379 1329703624.560635 2 2 13
30.574379 1329703624.568619 2 2 13
30.601274 1329703624.577007 2 2 13
30.601274 1329703624.585639 2 2 13
30.642476 1329703624.597334 2 2 13
30.642476 1329703624.602140 2 2 13
30.684329 1329703624.610267 2 2 13
30.684329 1329703624.618786 2 2 13
30.726250 1329703624.627160 2 2 13
30.726250 1329703624.635491 2 2 13
30.767335 1329703624.644063 2 2 13
30.767335 1329703624.652425 1 2 13
30.800886 1329703624.660249 1 2 13
30.800886 1329703624.668653 1 2 13
30.842849 1329703624.677251 2 2 13
30.842849 1329703624.685673 2 2 13
30.884274 1329703624.694088 1 2 13
30.884274 1329703624.702151 1 2 13
30.925638 1329703624.710305 1 2 13
30.925638 1329703624.719334 1 2 13
30.971282 1329703624.726854 1 2 13
30.971282 1329703624.738588 1 2 13
31.000571 1329703624.743906 1 2 13
31.000571 1329703624.751846 1 2 13
31.042623 1329703624.760336 1 2 13
31.042623 1329703624.768436 1 1 13
31.084710 1329703624.776701 1 1 13
31.084710 1329703624.787069 1 1 13
31.133813 1329703624.793504 1 1 13
31.133813 1329703624.801801 1 1 13
31.167351 1329703624.811308 1 1 13
31.167351 1329703624.818448 1 1 13
31.218811 1329703624.826634 1 1 13
31.218811 1329703624.835180 1 1 13
31.242366 1329703624.843674 1 1 13
31.242366 1329703624.851894 1 1 13
31.283781 1329703624.860986 1 1 13
31.283781 1329703624.868205 0 1 13
31.348938 1329703624.876889 0 1 13
31.348938 1329703624.885273 0 1 13
31.363467 1329703624.893658 0 1 13
31.363467 1329703624.902330 0 1 13
31.411904 1329703624.910393 0 2 13
31.411904 1329703624.918147 0 2 13
31.442312 1329703624.926425 0 2 13
31.442312 1329703624.935071 0 2 14
31.483363 1329703624.943624 0 2 14
31.483363 1329703624.952179 0 2 14
31.525626 1329703624.960274 0 2 14
31.525626 1329703624.967746 0 2 14
31.566887 1329703624.976116 0 2 14
31.566887 1329703624.990427 0 2 14
31.603883 1329703625.005106 0 2 15
31.603883 1329703625.018075 0 2 15
31.655796 1329703625.033171 0 2 15
31.655796 1329703625.045595 0 2 15
31.683404 1329703625.051219 0 2 15
31.683404 1329703625.059767 0 1 15
31.724250 1329703625.068079 0 1 15
31.724250 1329703625.076334 0 1 15
31.765992 1329703625.084319 0 1 15
31.765992 1329703625.092766 1 2 15
31.800697 1329703625.100965 1 2 15
31.800697 1329703625.109702 2 1 15
31.840496 1329703625.123075 3 1 15
31.840496 1329703625.126009 4 1 15
31.882129 1329703625.133915 6 1 15
31.882129 1329703625.142502 9 1 15
31.923906 1329703625.150941 12 1 15
31.923906 1329703625.159855 15 1 15
31.965324 1329703625.167816 19 1 15
31.965324 1329703625.175962 23 1 15
32.006691 1329703625.184966 27 1 15
32.006691 1329703625.192206 32 1 15
32.040070 1329703625.201229 36 1 15
32.040070 1329703625.208828 41 1 15
32.081651 1329703625.229367 45 1 15
32.081651 1329703625.233949 49 1 15
32.123558 1329703625.242135 53 1 15
32.123558 1329703625.250638 56 1 15
32.164598 1329703625.258496 59 1 15
32.164598 1329703625.266765 61 1 15
32.199790 1329703625.279229 63 1 15
32.199790 1329703625.283786 64 1 14
32.239797 1329703625.292075 64 1 14
32.239797 1329703625.300382 64 1 14
32.281239 1329703625.308809 62 1 14
32.281239 1329703625.316544 60 1 14
32.323136 1329703625.346017 58 1 14
32.323136 1329703625.351160 55 2 14
32.363544 1329703625.358626 52 2 14
32.363544 1329703625.368036 48 3 14
32.406285 1329703625.374739 44 3 14
32.406285 1329703625.383097 41 3 13
32.447857 1329703625.391671 37 4 13
32.447857 1329703625.401182 33 4 13
32.481363 1329703625.409184 29 5 13
32.481363 1329703625.416487 25 5 13
32.523049 1329703625.424958 21 5 12
32.523049 1329703625.433733 18 5 12
32.562967 1329703625.441778 15 5 12
32.562967 1329703625.452239 12 5 12
32.600531 1329703625.458260 10 5 13
32.600531 1329703625.466505 8 5 13
32.648112 1329703625.474981 6 5 13
32.648112 1329703625.483066 5 4 13
32.681258 1329703625.491836 4 4 14
32.681258 1329703625.499969 4 4 14
32.722902 1329703625.508920 3 4 15
32.722902 1329703625.516355 3 4 15
32.764714 1329703625.524714 2 4 15
32.764714 1329703625.532928 2 3 15
32.807238 1329703625.541583 1 3 15
32.807238 1329703625.549973 1 3 15
32.851002 1329703625.561381 1 3 16
32.851002 1329703625.566907 1 3 16
32.881655 1329703625.579624 1 3 16
32.881655 1329703625.583012 1 3 16
32.924343 1329703625.591318 0 3 16
32.924343 1329703625.599921 0 3 16
32.972413 1329703625.610431 0 2 16
32.972413 1329703625.616162 0 2 16
33.006823 1329703625.624798 0 2 16
33.006823 1329703625.633297 0 2 15
33.048513 1329703625.641354 0 2 15
33.048513 1329703625.650860 0 1 15
33.080373 1329703625.658091 1 2 15
33.080373 1329703625.666250 1 2 15
33.123385 1329703625.675579 1 2 15
33.123385 1329703625.683089 1 2 15
33.164821 1329703625.691665 1 2 15
33.164821 1329703625.699733 1 2 15
33.206782 1329703625.708345 1 2 15
33.206782 1329703625.716250 2 2 15
33.248495 1329703625.724412 2 2 14
33.248495 1329703625.733079 1 2 14
33.293945 1329703625.741554 1 2 14
33.293945 1329703625.749938 1 1 14
33.324329 1329703625.758073 0 1 14
33.324329 1329703625.766160 0 1 14
33.365553 1329703625.774659 0 1 14
33.365553 1329703625.783262 0 1 14
33.426818 1329703625.791507 0 1 13
33.426818 1329703625.799975 0 1 13
33.451070 1329703625.808328 0 1 13
33.451070 1329703625.818841 0 1 13
33.481743 1329703625.833700 0 1 13
33.481743 1329703625.845657 0 1 13
33.523268 1329703625.851320 0 1 13
33.523268 1329703625.858247 0 1 13
33.565840 1329703625.875611 0 1 13
33.565840 1329703625.878838 0 1 13
33.606561 1329703625.882999 0 1 13
33.606561 1329703625.891675 0 1 13
33.640788 1329703625.899829 0 1 13
33.640788 1329703625.908244 0 1 13
33.681352 1329703625.916670 0 1 13
33.681352 1329703625.924755 0 0 13
33.730715 1329703625.943477 0 0 13
33.730715 1329703625.949569 0 0 13
33.764668 1329703625.958205 0 0 13
33.764668 1329703625.966619 0 1 13
33.806664 1329703625.974735 0 1 13
33.806664 1329703625.982897 0 1 13
33.848323 1329703625.991434 0 1 13
33.848323 1329703626.000474 0 1 13
33.897373 1329703626.008325 0 1 13
33.897373 1329703626.016546 0 1 13
33.922675 1329703626.024975 0 1 13
33.922675 1329703626.033175 0 1 13
33.965212 1329703626.043993 0 1 13
33.965212 1329703626.049816 0 1 13
34.006576 1329703626.058136 0 1 14
34.006576 1329703626.066744 0 1 14
34.060439 1329703626.074809 0 1 14
34.060439 1329703626.082812 0 1 14
34.080892 1329703626.091262 0 1 14
34.080892 1329703626.099878 0 1 14
34.122860 1329703626.107881 0 1 14
34.122860 1329703626.121626 0 1 14
34.164678 1329703626.124768 0 1 14
34.164678 1329703626.133118 0 1 14
34.205576 1329703626.143242 0 1 14
34.205576 1329703626.157637 0 1 14
34.247749 1329703626.162210 0 1 14
34.247749 1329703626.177073 0 1 14
34.281223 1329703626.189613 0 1 13
34.281223 1329703626.203455 0 1 13
34.333784 1329703626.227589 0 1 13
34.333784 1329703626.241987 0 2 13
34.381443 1329703626.244843 0 2 13
34.381443 1329703626.249810 0 1 13
34.409961 1329703626.258128 0 1 13
34.409961 1329703626.266216 0 1 13
34.441959 1329703626.274949 0 1 12
34.441959 1329703626.285002 0 1 12
34.483696 1329703626.291549 0 1 12
34.483696 1329703626.299530 0 1 11
34.521948 1329703626.308117 0 2 11
34.521948 1329703626.316841 0 2 11
34.563717 1329703626.325138 1 2 10
34.563717 1329703626.335828 1 2 10
34.604701 1329703626.341324 1 2 9
34.604701 1329703626.349796 2 2 9
34.640478 1329703626.359258 2 2 8
34.640478 1329703626.366783 3 3 8
34.681585 1329703626.375175 4 3 7
34.681585 1329703626.383657 5 3 7
34.725078 1329703626.391427 7 3 7
34.725078 1329703626.400119 10 3 7
34.762634 1329703626.408221 13 4 7
34.762634 1329703626.416694 17 4 8
34.804340 1329703626.425672 21 5 8
34.804340 1329703626.433398 26 5 9
34.845806 1329703626.441684 31 5 9
34.845806 1329703626.449941 36 6 10
34.887617 1329703626.458257 41 6 11
34.887617 1329703626.467641 45 6 11
34.920694 1329703626.475458 49 6 12
34.920694 1329703626.483235 53 6 12
34.965303 1329703626.491399 56 6 12
34.965303 1329703626.499655 58 6 12
35.003497 1329703626.508263 60 6 12
35.003497 1329703626.516839 61 6 12
35.045714 1329703626.527769 61 6 12
35.045714 1329703626.533327 60 6 12
35.087400 1329703626.541518 59 6 12
35.087400 1329703626.550156 57 6 12
35.120524 1329703626.558542 55 6 11
35.120524 1329703626.566590 51 7 11
35.162173 1329703626.581952 48 7 11
35.162173 1329703626.594210 44 7 10
35.203700 1329703626.602639 40 7 10
35.203700 1329703626.607828 36 7 9
35.245772 1329703626.616255 32 7 9
35.245772 1329703626.625017 28 7 9
35.279635 1329703626.633370 24 7 8
35.279635 1329703626.643952 21 6 8
35.320594 1329703626.649869 18 6 8
35.320594 1329703626.658232 15 6 8
35.362067 1329703626.666616 13 5 8
35.362067 1329703626.674860 11 5 8
35.403832 1329703626.683302 9 5 8
35.403832 1329703626.697192 7 5 8
35.446010 1329703626.700334 6 5 9
35.446010 1329703626.708951 5 4 9
35.486656 1329703626.716214 4 4 9
35.486656 1329703626.725039 3 4 10
35.520342 1329703626.733086 2 3 10
35.520342 1329703626.749934 2 3 11
35.563573 1329703626.758170 1 3 11
35.563573 1329703626.766609 1 3 12
35.605348 1329703626.774653 1 3 12
35.605348 1329703626.783163 0 2 12
35.645250 1329703626.791406 0 2 12
35.645250 1329703626.801060 0 2 13
35.687216 1329703626.807994 0 2 13
35.687216 1329703626.816408 0 2 13
35.720447 1329703626.824918 0 2 13
35.720447 1329703626.833314 0 2 13
35.763290 1329703626.841463 0 2 13
35.763290 1329703626.849600 0 2 13
35.804069 1329703626.857963 0 2 13
35.804069 1329703626.866280 0 2 13
35.845675 1329703626.875206 0 2 13
35.845675 1329703626.883182 0 2 13
35.883381 1329703626.891431 0 2 13
35.883381 1329703626.907809 0 2 13
35.920826 1329703626.922879 0 1 13
35.920826 1329703626.937980 0 1 13
35.963431 1329703626.941540 0 1 13
35.963431 1329703626.950267 0 1 12
36.005996 1329703626.958456 0 1 12
36.005996 1329703626.966558 0 1 12
36.045178 1329703626.974645 0 1 12
36.045178 1329703626.983603 0 1 12
36.087432 1329703626.991456 0 1 12
36.087432 1329703627.000477 0 1 12
36.120761 1329703627.008376 0 1 12
36.120761 1329703627.019868 0 1 12
36.163164 1329703627.025488 0 1 11
36.163164 1329703627.033137 0 1 11
36.203663 1329703627.041386 0 1 11
36.203663 1329703627.050005 0 1 11
36.247138 1329703627.058065 0 1 11
36.247138 1329703627.075242 0 1 11
36.280561 1329703627.090070 0 1 10
36.280561 1329703627.093657 0 1 10
36.320519 1329703627.099625 -1 1 10
36.320519 1329703627.108052 -1 1 10
36.362463 1329703627.116632 -1 1 10
36.362463 1329703627.132539 -1 1 10
36.403731 1329703627.147994 -1 1 10
36.403731 1329703627.163044 -1 1 10
36.445812 1329703627.186433 -1 1 10
36.445812 1329703627.191350 -1 1 10
36.487494 1329703627.199702 -1 1 10
36.487494 1329703627.207944 -1 1 10
36.520708 1329703627.216239 -1 1 10
36.520708 1329703627.224783 -1 1 10
36.562273 1329703627.233245 -1 1 10
36.562273 1329703627.241396 -1 1 10
36.603870 1329703627.249537 -1 1 10
36.603870 1329703627.258615 -1 1 9
36.640732 1329703627.268009 -1 1 9
36.640732 1329703627.274613 -1 1 9
36.686965 1329703627.282815 -1 1 9
36.686965 1329703627.291407 -1 1 9
36.720158 1329703627.299576 -1 1 10
36.720158 1329703627.307864 -1 1 10
36.759721 1329703627.323865 -1 1 10
36.759721 1329703627.348313 -1 1 10
36.803818 1329703627.360502 -1 1 10
36.803818 1329703627.366270 -1 1 10
36.852907 1329703627.374637 -1 1 10
36.852907 1329703627.382516 -1 1 10
36.886866 1329703627.391106 -1 1 10
36.886866 1329703627.406276 -1 1 10
36.926641 1329703627.411500 -1 1 10
36.926641 1329703627.426941 -1 1 10
36.961770 1329703627.442401 -1 1 10
36.961770 1329703627.466051 -1 1 10
37.009207 1329703627.469361 -1 1 10
37.009207 1329703627.474783 -1 1 10
37.044563 1329703627.489271 -1 1 10
37.044563 1329703627.492456 -1 1 10
37.080239 1329703627.499637 -1 1 10
37.080239 1329703627.507568 -1 1 10
37.120173 1329703627.515941 -1 1 10
37.120173 1329703627.524343 -1 1 10
37.168702 1329703627.532669 -1 2 10
37.168702 1329703627.540847 0 2 10
37.203287 1329703627.549454 0 2 10
37.203287 1329703627.557423 0 2 10
37.244630 1329703627.566052 0 2 10
37.244630 1329703627.574158 0 2 10
37.286350 1329703627.582755 -1 1 10
37.286350 1329703627.593661 -1 1 10
37.327585 1329703627.599518 -1 1 10
37.327585 1329703627.607229 -1 1 10
37.361134 1329703627.615804 -1 1 10
37.361134 1329703627.624043 -1 1 10
37.402480 1329703627.635957 0 1 10
37.402480 1329703627.640580 0 1 10
37.444064 1329703627.649264 0 1 10
37.444064 1329703627.657412 0 2 10
37.485902 1329703627.665985 0 2 10
37.485902 1329703627.674047 1 2 9
37.526895 1329703627.683509 1 3 9
37.526895 1329703627.690728 1 3 9
37.560348 1329703627.699363 2 3 9
37.560348 1329703627.708045 3 2 9
37.601909 1329703627.715761 4 2 9
37.601909 1329703627.724022 5 2 9
37.644988 1329703627.745587 7 2 9
37.644988 1329703627.759298 10 2 9
37.684890 1329703627.765410 12 2 10
37.684890 1329703627.774375 16 2 10
37.726739 1329703627.782020 19 3 10
37.726739 1329703627.790259 23 3 10
37.767991 1329703627.798823 27 3 10
37.767991 1329703627.806779 32 3 10
37.801368 1329703627.815478 37 4 10
37.801368 1329703627.823949 41 4 10
37.842841 1329703627.832231 45 4 9
37.842841 1329703627.840190 48 4 9
37.884993 1329703627.849133 52 4 9
37.884993 1329703627.856643 55 4 9
37.926926 1329703627.865269 57 4 9
37.926926 1329703627.874349 59 4 9
37.967747 1329703627.881807 59 4 9
37.967747 1329703627.890139 60 4 8
38.000838 1329703627.898932 60 4 8
38.000838 1329703627.917104 59 4 8
38.042331 1329703627.923750 57 5 8
38.042331 1329703627.932041 55 5 8
38.084522 1329703627.940025 52 5 9
38.084522 1329703627.948282 49 5 8
38.120371 1329703627.956837 45 5 8
38.120371 1329703627.973073 41 6 8
38.160177 1329703627.984616 37 6 8
38.160177 1329703627.992005 33 6 7
38.201862 1329703628.004005 29 6 6
38.201862 1329703628.006658 25 6 6
38.243009 1329703628.014576 21 6 6
38.243009 1329703628.022406 18 6 5
38.284363 1329703628.032446 15 6 5
38.284363 1329703628.039568 12 5 5
38.325787 1329703628.047712 10 5 5
38.325787 1329703628.055869 9 5 5
38.369677 1329703628.065524 7 5 5
38.369677 1329703628.085840 7 5 6
38.400763 1329703628.089282 6 5 6
38.400763 1329703628.098342 6 5 7
38.442214 1329703628.105837 6 5 7
38.442214 1329703628.113917 6 6 8
38.485237 1329703628.131752 6 6 8
38.485237 1329703628.142683 6 5 9
38.525573 1329703628.147376 6 5 9
38.525573 1329703628.155603 6 5 10
38.568369 1329703628.163889 5 5 10
38.568369 1329703628.172100 5 5 10
38.601517 1329703628.180588 5 5 10
38.601517 1329703628.188642 4 4 11
38.644015 1329703628.197498 4 4 11
38.644015 1329703628.205755 3 4 11
38.684577 1329703628.214031 3 4 11
38.684577 1329703628.222342 2 5 11
38.726437 1329703628.230330 2 5 11
38.726437 1329703628.238780 2 5 11
38.759592 1329703628.247271 2 5 11
38.759592 1329703628.255507 2 5 11
38.801448 1329703628.264018 2 4 11
38.801448 1329703628.271972 1 4 12
38.842501 1329703628.288856 1 4 12
38.842501 1329703628.291027 1 4 12
38.887414 1329703628.297307 1 4 12
38.887414 1329703628.305579 1 4 13
38.926024 1329703628.313838 1 4 13
38.926024 1329703628.321933 1 3 13
38.965584 1329703628.330254 1 3 13
38.965584 1329703628.338748 1 3 12
39.001025 1329703628.347359 1 3 12
39.001025 1329703628.355498 1 3 12
39.042732 1329703628.363759 1 3 12
39.042732 1329703628.372055 1 3 12
39.085503 1329703628.380403 1 2 12
39.085503 1329703628.388458 1 2 12
39.125536 1329703628.397478 1 2 11
39.125536 1329703628.405465 0 2 11
39.167829 1329703628.413800 0 1 11
39.167829 1329703628.421978 0 1 11
39.201308 1329703628.430370 0 1 11
39.201308 1329703628.438352 0 1 11
39.242942 1329703628.447341 0 1 11
39.242942 1329703628.455440 0 1 10
39.284505 1329703628.463752 0 1 10
39.284505 1329703628.472336 0 1 10
39.324296 1329703628.484038 0 1 10
39.324296 1329703628.491469 0 1 10
39.367667 1329703628.497250 0 1 10
39.367667 1329703628.505357 0 1 10
39.401872 1329703628.513531 0 1 10
39.401872 1329703628.522028 0 1 9
39.442607 1329703628.538073 0 1 9
39.442607 1329703628.549700 0 1 9
39.484682 1329703628.555864 0 0 9
39.484682 1329703628.563913 0 0 9
39.525507 1329703628.572400 0 0 9
39.525507 1329703628.580535 0 0 9
39.567685 1329703628.589182 0 0 9
39.567685 1329703628.608101 0 0 9
39.600967 1329703628.613735 0 0 9
39.600967 1329703628.622189 0 0 9
39.643058 1329703628.630401 1 0 9
39.643058 1329703628.638866 1 1 9
39.683713 1329703628.648440 1 1 9
39.683713 1329703628.662306 1 1 9
39.747251 1329703628.666231 1 1 9
39.747251 1329703628.677074 1 1 9
39.761338 1329703628.680218 1 1 9
39.761338 1329703628.688717 1 1 9
39.800639 1329703628.697183 1 1 9
39.800639 1329703628.711649 1 1 9
39.842467 1329703628.725819 1 1 9
39.842467 1329703628.731282 1 1 9
39.883739 1329703628.738640 1 1 9
39.883739 1329703628.747309 1 1 9
39.925743 1329703628.755592 1 1 9
39.925743 1329703628.763402 1 1 9
39.967099 1329703628.775297 1 1 9
39.967099 1329703628.780256 1 1 9
40.010624 1329703628.788626 1 1 9
40.010624 1329703628.797244 1 1 9
40.059003 1329703628.805555 1 1 9
40.059003 1329703628.813533 1 1 10
40.083814 1329703628.821987 1 1 10
40.083814 1329703628.830620 1 1 10
40.125422 1329703628.838898 1 1 10
40.125422 1329703628.847056 1 1 10
40.166921 1329703628.855288 1 1 10
40.166921 1329703628.863978 1 1 10
40.201163 1329703628.871989 1 1 10
40.201163 1329703628.888454 1 1 10
40.244486 1329703628.891413 1 1 10
40.244486 1329703628.897131 0 1 10
40.284474 1329703628.905427 0 1 10
40.284474 1329703628.914079 0 1 10
40.325082 1329703628.922093 0 2 10
40.325082 1329703628.930627 0 2 10
40.367148 1329703628.939678 0 2 10
40.367148 1329703628.946995 0 2 10
40.410549 1329703628.955195 0 2 10
40.410549 1329703628.963935 0 2 10
40.441739 1329703628.972353 0 2 10
40.441739 1329703628.980844 0 2 9
40.482923 1329703629.000140 0 2 9
40.482923 1329703629.007220 0 2 9
40.525875 1329703629.014031 0 3 8
40.525875 1329703629.022159 0 3 8
40.568956 1329703629.030753 0 3 8
40.568956 1329703629.039168 0 3 7
40.607018 1329703629.055303 0 3 7
40.607018 1329703629.058071 -1 4 7
40.641324 1329703629.064051 -1 4 6
40.641324 1329703629.072420 -1 4 6
40.695864 1329703629.080947 -1 4 6
40.695864 1329703629.089344 -1 4 6
40.724195 1329703629.097734 0 4 6
40.724195 1329703629.105656 0 5 6
40.765329 1329703629.114338 2 5 6
40.765329 1329703629.122280 5 5 6
40.806815 1329703629.130935 9 5 6
40.806815 1329703629.139316 13 6 6
40.840147 1329703629.154504 18 6 7
40.840147 1329703629.157383 23 7 7
40.881027 1329703629.163960 29 7 7
40.881027 1329703629.172816 34 7 8
40.924113 1329703629.180942 39 8 8
40.924113 1329703629.189241 44 8 8
40.965458 1329703629.197291 48 8 8
40.965458 1329703629.205477 51 8 8
41.014207 1329703629.214377 54 8 8
41.014207 1329703629.222130 57 8 8
41.039826 1329703629.230814 58 8 8
41.039826 1329703629.239273 59 8 7
41.081239 1329703629.247281 59 8 7
41.081239 1329703629.264116 58 7 6
41.122906 1329703629.272237 57 7 6
41.122906 1329703629.280238 55 7 6
41.176028 1329703629.289155 52 7 5
41.176028 1329703629.297166 49 6 5
41.213223 1329703629.305443 45 6 4
41.213223 1329703629.315071 41 6 4
41.240079 1329703629.322369 37 6 4
41.240079 1329703629.330668 33 6 3
41.281588 1329703629.338886 29 7 3
41.281588 1329703629.347194 25 7 2
41.322549 1329703629.355495 21 7 2
41.322549 1329703629.364181 18 7 2
41.365137 1329703629.372315 15 7 2
41.365137 1329703629.380661 13 7 3
41.400157 1329703629.388565 11 7 3
41.400157 1329703629.397148 10 7 3
41.450569 1329703629.405805 9 7 4
41.450569 1329703629.422582 8 6 4
41.498033 1329703629.428673 7 6 5
41.498033 1329703629.442883 6 6 5
41.521332 1329703629.464959 6 5 5
41.521332 1329703629.472452 5 5 6
41.565728 1329703629.480793 5 4 6
41.565728 1329703629.489300 4 4 6
41.606661 1329703629.505886 3 4 6
41.606661 1329703629.521530 3 3 6
41.656200 1329703629.534171 2 3 7
41.656200 1329703629.549058 2 3 7
41.681559 1329703629.555871 1 3 7
41.681559 1329703629.564159 1 3 7
41.723456 1329703629.572373 0 3 7
41.723456 1329703629.586888 0 3 7
41.765648 1329703629.590160 0 3 7
41.765648 1329703629.597422 0 3 7
41.806843 1329703629.606958 1 3 7
41.806843 1329703629.614589 1 2 7
41.848698 1329703629.622398 1 2 7
41.848698 1329703629.631352 1 2 8
41.881232 1329703629.638849 2 2 8
41.881232 1329703629.647246 2 2 8
41.924507 1329703629.655769 2 1 8
41.924507 1329703629.664030 2 1 8
41.978529 1329703629.672625 2 1 8
41.978529 1329703629.680533 2 1 8
42.009890 1329703629.697765 2 1 8
42.009890 1329703629.705491 2 1 8
42.049319 1329703629.714065 1 1 8
42.049319 1329703629.722589 1 1 8
42.081594 1329703629.730868 1 1 8
42.081594 1329703629.738758 1 1 8
42.129200 1329703629.747318 1 1 8
42.129200 1329703629.755487 1 1 8
42.165039 1329703629.764000 1 0 8
42.165039 1329703629.772474 1 0 8
42.208016 1329703629.780696 0 0 8
42.208016 1329703629.788948 0 0 8
42.246147 1329703629.797148 0 0 8
42.246147 1329703629.805408 0 0 8
42.284973 1329703629.813772 0 0 8
42.284973 1329703629.822318 0 0 8
42.322889 1329703629.830705 0 1 8
42.322889 1329703629.850582 0 1 8
42.366982 1329703629.855421 0 1 8
42.366982 1329703629.863799 0 1 8
42.406584 1329703629.872770 0 1 8
42.406584 1329703629.880666 0 2 8
42.441230 1329703629.901912 0 2 8
42.441230 1329703629.905228 0 2 8
42.490304 1329703629.913602 0 2 8
42.490304 1329703629.921929 0 1 8
42.523342 1329703629.930672 0 1 8
42.523342 1329703629.939028 0 1 8
42.564978 1329703629.947040 0 1 8
42.564978 1329703629.959955 0 1 8
42.599899 1329703629.963391 0 0 8
42.599899 1329703629.972796 0 0 8
42.639897 1329703629.980314 0 0 8
42.639897 1329703629.989545 0 0 8
42.681198 1329703629.997264 0 0 8
42.681198 1329703630.006128 0 0 8
42.723193 1329703630.013237 0 0 8
42.723193 1329703630.021741 0 0 8
42.761815 1329703630.030629 0 0 8
42.761815 1329703630.039556 0 0 8
42.814559 1329703630.047026 0 0 8
42.814559 1329703630.057296 0 0 8
42.847509 1329703630.063315 0 0 8
42.847509 1329703630.071530 0 0 8
42.881214 1329703630.080359 0 0 8
42.881214 1329703630.088463 0 0 8
42.928246 1329703630.096916 0 0 8
42.928246 1329703630.114223 0 0 8
42.964268 1329703630.135998 0 0 8
42.964268 1329703630.139502 0 0 8
43.006323 1329703630.146679 0 0 8
43.006323 1329703630.154671 0 0 8
43.047414 1329703630.163546 0 0 8
43.047414 1329703630.171757 0 0 8
43.081007 1329703630.183325 0 0 8
43.081007 1329703630.188622 0 0 8
43.122440 1329703630.196583 0 0 9
43.122440 1329703630.204859 0 0 9
43.164410 1329703630.213731 0 0 9
43.164410 1329703630.221627 0 0 9
43.205735 1329703630.231575 0 0 9
43.205735 1329703630.238852 0 0 9
43.248472 1329703630.246470 0 0 9
43.248472 1329703630.255069 0 0 9
43.280880 1329703630.263693 0 0 9
43.280880 1329703630.271659 0 0 9
43.322461 1329703630.280272 0 0 9
43.322461 1329703630.300641 0 0 9
43.373799 1329703630.306423 0 0 10
43.373799 1329703630.313196 0 0 10
43.405836 1329703630.321613 0 0 10
43.405836 1329703630.330279 0 0 10
43.447397 1329703630.338223 0 0 10
43.447397 1329703630.347482 0 0 10
43.480583 1329703630.355309 -1 0 10
43.480583 1329703630.363307 -1 0 10
43.522319 1329703630.371460 -1 0 11
43.522319 1329703630.379488 -1 0 11
43.563849 1329703630.388325 -2 0 11
43.563849 1329703630.396894 -2 0 11
43.604944 1329703630.408574 -2 0 11
43.604944 1329703630.413016 -1 0 11
43.655179 1329703630.421290 -1 0 11
43.655179 1329703630.429415 -1 0 11
43.679878 1329703630.438321 -1 0 10
43.679878 1329703630.446470 -1 0 10
43.721493 1329703630.463781 0 0 10
43.721493 1329703630.478603 0 0 9
43.763339 1329703630.481895 0 0 9
43.763339 1329703630.488139 0 0 9
43.804405 1329703630.496402 1 0 9
43.804405 1329703630.504769 1 0 8
43.845674 1329703630.513362 1 0 8
43.845674 1329703630.524145 2 0 8
43.887096 1329703630.529522 3 0 8
43.887096 1329703630.537811 4 1 8
43.926872 1329703630.546461 6 1 8
43.926872 1329703630.555654 9 1 8
43.962315 1329703630.563280 12 2 8
43.962315 1329703630.571546 15 2 8
44.004087 1329703630.580099 19 2 8
44.004087 1329703630.587678 24 3 8
44.045514 1329703630.596448 29 3 9
44.045514 1329703630.604423 34 4 9
44.087197 1329703630.613294 39 4 9
44.087197 1329703630.621341 44 4 10
44.120025 1329703630.629956 48 5 10
44.120025 1329703630.638037 52 5 10
44.163633 1329703630.646596 55 5 10
44.163633 1329703630.654770 57 5 9
44.202891 1329703630.665342 59 6 9
44.202891 1329703630.671478 60 6 9
44.244640 1329703630.679440 60 6 9
44.244640 1329703630.687861 58 5 9
44.288492 1329703630.696431 56 5 9
44.288492 1329703630.704526 54 5 8
44.328481 1329703630.713050 50 5 8
44.328481 1329703630.721334 46 5 8
44.364357 1329703630.729464 42 5 7
44.364357 1329703630.737462 37 5 7
44.404571 1329703630.746398 32 5 7
44.404571 1329703630.754771 27 5 6
44.445907 1329703630.762868 23 5 6
44.445907 1329703630.771252 19 5 6
44.489906 1329703630.779477 15 6 6
44.489906 1329703630.787317 12 5 6
44.519736 1329703630.796161 10 5 6
44.519736 1329703630.804747 8 5 6
44.562455 1329703630.813061 7 5 7
44.562455 1329703630.821149 6 5 7
44.605444 1329703630.829565 5 5 8
44.605444 1329703630.837678 4 4 8
44.646005 1329703630.846303 4 4 9
44.646005 1329703630.860311 3 4 9
44.686705 1329703630.863151 3 4 9
44.686705 1329703630.871350 3 4 10
44.719927 1329703630.880019 3 4 10
44.719927 1329703630.887402 3 4 11
44.761776 1329703630.895859 2 3 11
44.761776 1329703630.910005 2 3 11
44.803159 1329703630.912407 2 3 11
44.803159 1329703630.920656 2 3 12
44.845398 1329703630.929049 2 3 12
44.845398 1329703630.937031 2 3 12
44.886958 1329703630.945765 2 2 12
44.886958 1329703630.954093 2 2 11
44.925819 1329703630.962653 2 2 11
44.925819 1329703630.970729 2 2 11
