imu_t vicon_t roll pitch yaw
0.889223 1329948742.245749 0 0 0
0.922210 1329948742.579237 0 0 0
0.947702 1329948742.711995 0 0 0
0.947702 1329948742.720084 0 0 0
0.999395 1329948742.728480 0 0 0
1.022218 1329948742.736690 0 0 0
1.022218 1329948742.744902 0 0 0
1.045309 1329948742.753496 0 0 0
1.070825 1329948742.761808 0 0 0
1.070825 1329948742.777106 0 0 0
1.107970 1329948742.781371 0 0 0
1.130641 1329948742.786835 0 0 0
1.130641 1329948742.795124 0 0 0
1.168224 1329948742.819757 0 0 0
1.188657 1329948742.832295 0 0 0
1.188657 1329948742.836635 0 0 0
1.222015 1329948742.845108 0 0 0
1.255290 1329948742.860114 0 0 0
1.255290 1329948742.871632 0 0 0
1.280319 1329948742.878319 0 0 0
1.313739 1329948742.887102 0 0 0
1.313739 1329948742.894908 0 0 0
1.338334 1329948742.903413 0 0 0
1.382370 1329948742.911365 0 0 0
1.382370 1329948742.920033 0 0 0
1.396354 1329948742.927906 0 0 0
1.430120 1329948742.936768 0 0 0
1.430120 1329948742.944877 0 0 0
1.462920 1329948742.953411 0 0 0
1.499964 1329948742.961612 0 0 0
1.499964 1329948742.970255 0 0 0
1.521263 1329948742.977949 0 0 0
1.554243 1329948742.986554 0 0 0
1.554243 1329948742.994807 0 0 0
1.579324 1329948743.003334 0 0 0
1.612614 1329948743.013714 0 0 0
1.612614 1329948743.019941 0 0 0
1.637818 1329948743.027800 0 0 0
1.667625 1329948743.036733 0 0 0
1.667625 1329948743.044717 0 0 0
1.714872 1329948743.053225 0 0 0
1.729065 1329948743.061474 0 0 0
1.729065 1329948743.070285 0 0 0
1.762650 1329948743.077872 0 0 0
1.788128 1329948743.086191 0 0 0
1.788128 1329948743.094870 0 0 0
1.821400 1329948743.103115 0 0 0
1.848460 1329948743.113737 0 0 0
1.848460 1329948743.119848 0 0 0
1.879901 1329948743.127931 0 0 0
1.913179 1329948743.136635 0 0 0
1.913179 1329948743.144690 0 0 0
1.954649 1329948743.153141 0 0 0
1.954649 1329948743.161041 0 0 0
1.991381 1329948743.169893 0 0 0
1.991381 1329948743.177793 0 0 0
2.029801 1329948743.186188 0 -1 0
2.029801 1329948743.194542 0 -1 0
2.071078 1329948743.203087 0 -1 0
2.071078 1329948743.210674 0 -1 0
2.112732 1329948743.219243 0 -1 0
2.112732 1329948743.227655 0 -1 0
2.155067 1329948743.235854 0 -1 0
2.155067 1329948743.244399 0 -1 0
2.188010 1329948743.252377 0 -1 0
2.188010 1329948743.260919 0 -1 0
2.231471 1329948743.269608 0 -1 0
2.231471 1329948743.277713 0 -1 0
2.270694 1329948743.286067 0 -1 0
2.270694 1329948743.294246 0 -1 0
2.313463 1329948743.302372 0 -1 0
2.313463 1329948743.312775 0 -1 0
2.355950 1329948743.319053 0 -1 0
2.355950 1329948743.327501 0 -1 0
2.395767 1329948743.338167 0 -1 0
2.395767 1329948743.344159 0 -1 0
2.428673 1329948743.351924 0 -1 0
2.428673 1329948743.373652 0 -1 0
2.470599 1329948743.396351 0 -1 0
2.470599 1329948743.419114 0 -1 0
2.520393 1329948743.442254 0 -1 0
2.520393 1329948743.455642 0 -1 0
2.553780 1329948743.467568 0 -1 0
2.553780 1329948743.481942 0 -1 0
2.595131 1329948743.504828 0 -1 0
2.595131 1329948743.516932 0 -1 0
2.631401 1329948743.521417 0 -1 0
2.631401 1329948743.527645 0 -1 0
2.670487 1329948743.535521 0 -1 0
2.670487 1329948743.544352 0 -1 0
2.711953 1329948743.552539 0 -1 0
2.711953 1329948743.565133 0 -1 0
2.758491 1329948743.569387 0 -1 0
2.758491 1329948743.577733 0 -1 0
2.795127 1329948743.585503 0 -1 0
2.795127 1329948743.594222 0 -1 0
2.828659 1329948743.602348 0 -1 0
2.828659 1329948743.611618 0 -1 0
2.872150 1329948743.619031 0 -1 0
2.872150 1329948743.627532 0 -1 0
2.911131 1329948743.635636 0 -1 0
2.911131 1329948743.643883 0 -1 0
2.953206 1329948743.652273 0 -1 0
2.953206 1329948743.660608 0 -1 0
2.994276 1329948743.668989 0 -1 0
2.994276 1329948743.677150 0 -1 0
3.019524 1329948743.685349 0 -1 0
3.053159 1329948743.693526 0 -1 0
3.053159 1329948743.702055 0 -1 0
3.097579 1329948743.710614 0 -1 0
3.097579 1329948743.720631 0 -1 0
3.127939 1329948743.726987 0 -1 0
3.127939 1329948743.735290 0 -1 0
3.169468 1329948743.743810 0 -1 0
3.169468 1329948743.751832 0 -1 0
3.211123 1329948743.760524 0 -1 0
3.211123 1329948743.779266 0 -1 0
3.252591 1329948743.785537 0 -1 0
3.252591 1329948743.793362 0 -1 0
3.293914 1329948743.802188 0 -1 0
3.293914 1329948743.810137 0 -1 0
3.327579 1329948743.818720 0 -1 0
3.327579 1329948743.826875 0 -1 0
3.369189 1329948743.835198 0 -1 0
3.369189 1329948743.843158 0 -1 0
3.410613 1329948743.851825 0 -1 0
3.410613 1329948743.859906 0 -1 0
3.452378 1329948743.868282 0 -1 0
3.452378 1329948743.876564 0 -1 0
3.493651 1329948743.896899 0 -1 0
3.493651 1329948743.901377 0 -1 0
3.528339 1329948743.909918 0 -1 0
3.528339 1329948743.918168 0 -1 0
3.568872 1329948743.926631 0 -1 0
3.568872 1329948743.934758 0 -1 0
3.623633 1329948743.951022 0 -1 0
3.623633 1329948743.963468 0 -1 0
3.647901 1329948743.968228 0 -1 0
3.647901 1329948743.976338 0 -1 0
3.693694 1329948743.985007 0 -1 0
3.693694 1329948743.993220 0 -1 0
3.744335 1329948744.001459 0 -1 0
3.744335 1329948744.009589 0 -1 0
3.771021 1329948744.018017 0 -2 0
3.771021 1329948744.026325 0 -2 0
3.810256 1329948744.034845 0 -2 0
3.810256 1329948744.043156 0 -2 0
3.852283 1329948744.051488 0 -2 0
3.852283 1329948744.064454 0 -2 0
3.893635 1329948744.076369 0 -2 0
3.893635 1329948744.080127 0 -2 0
3.935418 1329948744.111655 0 -2 0
3.935418 1329948744.122436 0 -2 0
3.968463 1329948744.126101 0 -2 0
3.968463 1329948744.139136 0 -2 0
4.011991 1329948744.152664 0 -1 0
4.011991 1329948744.159680 0 -1 0
4.051760 1329948744.168260 0 0 0
4.051760 1329948744.176437 0 0 0
4.091000 1329948744.184998 0 0 0
4.091000 1329948744.192943 0 1 0
4.130656 1329948744.201645 0 2 0
4.130656 1329948744.209780 0 3 1
4.168184 1329948744.218346 0 4 1
4.168184 1329948744.226445 0 5 1
4.210321 1329948744.245300 0 7 1
4.210321 1329948744.247143 0 8 1
4.251742 1329948744.261500 1 9 2
4.251742 1329948744.268922 1 9 2
4.294474 1329948744.276771 1 9 2
4.294474 1329948744.285114 1 9 2
4.334786 1329948744.293310 1 8 2
4.334786 1329948744.301199 2 8 2
4.365871 1329948744.310179 2 7 2
4.388293 1329948744.318252 2 7 3
4.388293 1329948744.326567 2 7 3
4.435176 1329948744.335058 2 6 3
4.435176 1329948744.343354 2 6 3
4.459948 1329948744.351535 2 7 4
4.493492 1329948744.362459 2 7 4
4.493492 1329948744.376569 2 7 4
4.529076 1329948744.388327 2 8 4
4.529076 1329948744.393506 2 7 3
4.569832 1329948744.401822 2 7 3
4.592676 1329948744.409537 1 7 3
4.592676 1329948744.418272 1 7 3
4.633345 1329948744.426659 1 6 2
4.633345 1329948744.434822 1 6 2
4.669790 1329948744.443304 1 6 2
4.695895 1329948744.451871 1 6 1
4.695895 1329948744.459890 1 7 1
4.735127 1329948744.468088 0 7 0
4.735127 1329948744.476979 1 8 0
4.768555 1329948744.484951 1 8 0
4.768555 1329948744.493405 1 9 0
4.809888 1329948744.501605 1 9 -1
4.809888 1329948744.509647 1 8 -1
4.851482 1329948744.518088 1 8 -2
4.851482 1329948744.529108 2 8 -2
4.892985 1329948744.534854 2 7 -2
4.892985 1329948744.543300 2 6 -2
4.934924 1329948744.551902 2 6 -2
4.934924 1329948744.559780 2 5 -3
4.968195 1329948744.568096 2 5 -3
4.968195 1329948744.578288 2 5 -3
5.009747 1329948744.584873 2 5 -3
5.009747 1329948744.593216 3 5 -3
5.047343 1329948744.601762 3 5 -3
5.047343 1329948744.609581 3 4 -3
5.098645 1329948744.617957 3 4 -3
5.098645 1329948744.628385 4 4 -3
5.130892 1329948744.640000 4 4 -3
5.130892 1329948744.654143 4 3 -2
5.172835 1329948744.660963 4 3 -2
5.172835 1329948744.667732 4 3 -2
5.210197 1329948744.675972 4 3 -2
5.210197 1329948744.688311 4 2 -2
5.252003 1329948744.692646 4 2 -2
5.252003 1329948744.701014 4 2 -2
5.299839 1329948744.710255 4 1 -2
5.299839 1329948744.717508 4 1 -1
5.327602 1329948744.725806 5 1 -1
5.327602 1329948744.736349 5 0 -1
5.368154 1329948744.742800 5 0 -1
5.368154 1329948744.752843 5 0 -1
5.410008 1329948744.759306 5 0 -1
5.410008 1329948744.776111 5 0 -1
5.451616 1329948744.778276 5 0 -1
5.451616 1329948744.784492 5 0 -1
5.493941 1329948744.792633 5 1 0
5.493941 1329948744.800872 5 1 0
5.534720 1329948744.809251 5 2 0
5.534720 1329948744.817570 5 2 0
5.568074 1329948744.825685 4 2 0
5.568074 1329948744.834270 4 3 0
5.610106 1329948744.842606 4 3 0
5.610106 1329948744.851094 4 3 0
5.651861 1329948744.859192 4 3 0
5.651861 1329948744.867532 3 3 1
5.693657 1329948744.878113 3 2 1
5.693657 1329948744.883977 4 2 1
5.735249 1329948744.903211 4 1 1
5.735249 1329948744.917188 4 1 1
5.768353 1329948744.919350 4 0 1
5.768353 1329948744.925999 3 0 1
5.810087 1329948744.934183 3 0 1
5.810087 1329948744.942270 3 0 1
5.858579 1329948744.950680 3 1 1
5.858579 1329948744.958911 2 1 1
5.896709 1329948744.967620 2 1 1
5.896709 1329948744.975909 2 1 0
5.934613 1329948744.984175 2 1 1
5.934613 1329948744.992133 2 1 1
5.968052 1329948745.000455 2 1 1
5.968052 1329948745.009161 2 1 1
6.009650 1329948745.028219 2 0 1
6.009650 1329948745.035386 2 0 1
6.043515 1329948745.042326 2 0 0
6.069241 1329948745.050463 2 0 0
6.069241 1329948745.058817 2 0 0
6.109707 1329948745.067425 2 0 0
6.109707 1329948745.081981 2 0 0
6.136506 1329948745.084216 2 0 0
6.168289 1329948745.092291 2 0 0
6.168289 1329948745.100436 2 0 0
6.210994 1329948745.108788 2 0 0
6.210994 1329948745.117288 3 0 0
6.245605 1329948745.126807 3 0 0
6.273027 1329948745.133902 3 0 0
6.273027 1329948745.144176 4 0 0
6.309396 1329948745.155429 4 0 0
6.309396 1329948745.158507 4 0 0
6.379874 1329948745.169041 4 1 0
6.379874 1329948745.175621 4 1 1
6.392685 1329948745.183606 4 1 1
6.392685 1329948745.192104 4 0 1
6.434369 1329948745.199999 4 0 0
6.434369 1329948745.208486 4 0 1
6.467668 1329948745.216509 4 0 1
6.467668 1329948745.225530 4 0 1
6.512607 1329948745.233638 4 1 1
6.512607 1329948745.241771 4 1 1
6.561790 1329948745.250051 5 1 1
6.561790 1329948745.258448 5 1 1
6.592470 1329948745.269040 5 1 1
6.592470 1329948745.280283 5 1 1
6.634374 1329948745.285032 5 1 1
6.634374 1329948745.296409 5 1 1
6.670368 1329948745.299795 5 1 1
6.670368 1329948745.308006 5 0 1
6.709092 1329948745.326739 5 0 2
6.709092 1329948745.339920 5 0 2
6.751183 1329948745.341629 4 0 2
6.751183 1329948745.350015 4 0 2
6.792213 1329948745.358256 4 0 2
6.792213 1329948745.366200 4 0 2
6.834059 1329948745.374969 4 -1 2
6.834059 1329948745.383839 4 -1 2
6.867311 1329948745.391194 4 0 2
6.867311 1329948745.400005 4 0 2
6.908732 1329948745.408402 4 0 2
6.908732 1329948745.416485 4 0 2
6.950902 1329948745.424989 4 0 2
6.950902 1329948745.433212 5 0 2
6.992050 1329948745.441328 5 0 2
6.992050 1329948745.450061 5 0 2
7.034334 1329948745.458448 5 0 2
7.034334 1329948745.466369 5 0 2
7.075269 1329948745.474994 5 0 2
7.075269 1329948745.494288 5 0 2
7.109019 1329948745.504939 4 0 3
7.109019 1329948745.512097 4 0 3
7.150447 1329948745.516399 4 0 3
7.150447 1329948745.524842 4 0 3
7.194850 1329948745.533178 4 0 3
7.194850 1329948745.541186 4 0 3
7.234173 1329948745.549871 4 0 3
7.234173 1329948745.558331 4 0 3
7.275614 1329948745.566316 3 0 3
7.275614 1329948745.574624 4 0 3
7.308854 1329948745.583008 4 0 3
7.308854 1329948745.591082 4 0 3
7.348314 1329948745.599869 4 0 3
7.348314 1329948745.608009 4 0 3
7.392054 1329948745.616264 4 0 3
7.392054 1329948745.624639 4 0 3
7.433735 1329948745.632843 4 0 3
7.433735 1329948745.641239 4 0 3
7.475176 1329948745.649522 4 0 3
7.475176 1329948745.658441 4 0 3
7.508593 1329948745.666035 4 0 3
7.508593 1329948745.674478 4 0 3
7.542005 1329948745.682972 4 0 2
7.566793 1329948745.690910 4 0 2
7.566793 1329948745.699488 4 0 2
7.608662 1329948745.707911 3 0 2
7.608662 1329948745.715992 3 1 2
7.641770 1329948745.724474 3 1 2
7.667079 1329948745.746764 3 1 2
7.667079 1329948745.759872 3 1 2
7.708543 1329948745.766106 3 1 2
7.708543 1329948745.774484 4 1 2
7.742086 1329948745.782499 4 1 2
7.766884 1329948745.790990 4 0 2
7.766884 1329948745.799214 4 0 2
7.808784 1329948745.807449 4 0 2
7.808784 1329948745.815855 4 0 2
7.849555 1329948745.824302 4 0 2
7.849555 1329948745.832339 4 0 1
7.894435 1329948745.843420 5 0 1
7.894435 1329948745.849277 5 0 0
7.932785 1329948745.857180 5 -1 0
7.932785 1329948745.866044 6 -1 0
7.974804 1329948745.874191 6 0 -1
7.974804 1329948745.882185 6 0 -2
8.008235 1329948745.890639 6 0 -4
8.008235 1329948745.899284 6 1 -5
8.049746 1329948745.907410 6 2 -7
8.049746 1329948745.915705 6 3 -9
8.092160 1329948745.924352 6 4 -11
8.092160 1329948745.932392 7 6 -14
8.132874 1329948745.942844 7 7 -16
8.132874 1329948745.949257 8 9 -19
8.183856 1329948745.957366 8 10 -21
8.183856 1329948745.965868 8 12 -24
8.211263 1329948745.974290 8 13 -28
8.211263 1329948745.982294 7 14 -31
8.249714 1329948745.998249 6 15 -34
8.249714 1329948746.020482 5 17 -38
8.298538 1329948746.033627 3 18 -42
8.298538 1329948746.044811 2 19 -45
8.333088 1329948746.050577 1 20 -49
8.333088 1329948746.061677 0 21 -54
8.375099 1329948746.065528 0 22 -58
8.375099 1329948746.075001 0 23 -62
8.418944 1329948746.082451 0 23 -67
8.418944 1329948746.090598 0 24 -71
8.449467 1329948746.099080 0 24 -76
8.449467 1329948746.107257 0 24 -81
8.491161 1329948746.115572 1 23 -85
8.491161 1329948746.124077 2 23 -90
8.532553 1329948746.141316 3 22 -94
8.532553 1329948746.154418 4 21 -98
8.575232 1329948746.167839 4 20 -102
8.575232 1329948746.173814 5 18 -106
8.607490 1329948746.182262 6 17 -110
8.607490 1329948746.190553 8 14 -113
8.648269 1329948746.198978 9 12 -116
8.648269 1329948746.207274 11 10 -119
8.691184 1329948746.217676 12 8 -122
8.691184 1329948746.223953 13 5 -125
8.732797 1329948746.231968 14 3 -128
8.732797 1329948746.240553 14 1 -130
8.767751 1329948746.249091 15 0 -132
8.767751 1329948746.257341 15 -1 -134
8.808493 1329948746.265692 16 -3 -136
8.808493 1329948746.273910 18 -5 -138
8.850095 1329948746.282240 19 -7 -139
8.850095 1329948746.290483 19 -8 -140
8.891569 1329948746.309557 19 -9 -141
8.891569 1329948746.315918 19 -10 -143
8.934223 1329948746.324117 20 -12 -144
8.934223 1329948746.332298 19 -13 -145
8.967722 1329948746.340318 18 -14 -146
8.967722 1329948746.348908 17 -15 -147
9.024550 1329948746.362897 17 -16 -147
9.024550 1329948746.365392 18 -18 -148
9.051694 1329948746.373711 18 -19 -148
9.051694 1329948746.382103 19 -20 -148
9.095756 1329948746.390643 19 -22 -147
9.095756 1329948746.398626 20 -24 -147
9.127765 1329948746.408989 20 -26 -146
9.127765 1329948746.420374 20 -28 -145
9.167254 1329948746.425519 19 -31 -144
9.167254 1329948746.432110 18 -33 -143
9.207175 1329948746.441164 17 -35 -142
9.207175 1329948746.448649 15 -38 -140
9.248023 1329948746.465826 14 -40 -138
9.248023 1329948746.487818 13 -43 -136
9.289342 1329948746.499146 11 -46 -133
9.289342 1329948746.507166 10 -48 -130
9.336657 1329948746.515082 8 -51 -127
9.336657 1329948746.527631 6 -54 -123
9.367073 1329948746.532195 3 -56 -119
9.367073 1329948746.540397 0 -59 -115
9.407204 1329948746.548998 -5 -61 -110
9.407204 1329948746.556993 -10 -63 -105
9.458370 1329948746.565102 -16 -64 -99
9.458370 1329948746.573686 -22 -66 -92
9.487051 1329948746.582108 -29 -66 -85
9.487051 1329948746.590382 -36 -67 -78
9.529184 1329948746.598821 -43 -66 -71
9.529184 1329948746.607164 -48 -65 -64
9.570570 1329948746.615472 -53 -64 -58
9.570570 1329948746.623650 -56 -62 -53
9.612039 1329948746.631970 -58 -60 -49
9.612039 1329948746.640246 -59 -58 -46
9.653667 1329948746.648672 -60 -55 -44
9.653667 1329948746.656812 -59 -52 -42
9.687059 1329948746.665403 -59 -50 -41
9.687059 1329948746.675477 -57 -47 -39
9.728518 1329948746.682054 -56 -44 -38
9.728518 1329948746.691284 -53 -41 -37
9.770450 1329948746.702692 -51 -38 -36
9.770450 1329948746.716453 -47 -35 -36
9.812678 1329948746.731525 -44 -31 -35
9.812678 1329948746.733575 -40 -28 -35
9.850828 1329948746.740218 -37 -25 -34
9.850828 1329948746.748467 -33 -22 -33
9.898315 1329948746.762696 -30 -19 -33
9.898315 1329948746.785198 -27 -16 -33
9.930782 1329948746.796606 -24 -13 -32
9.930782 1329948746.810515 -22 -11 -32
9.967364 1329948746.815579 -20 -8 -32
9.967364 1329948746.823676 -19 -6 -32
10.028340 1329948746.832097 -17 -4 -31
10.028340 1329948746.840265 -16 -2 -31
10.055562 1329948746.849310 -14 -1 -31
10.055562 1329948746.856929 -13 0 -30
10.089378 1329948746.865862 -11 1 -30
10.089378 1329948746.873735 -9 3 -30
10.130923 1329948746.882069 -7 4 -30
10.130923 1329948746.890393 -5 5 -29
10.173368 1329948746.907974 -3 5 -29
10.173368 1329948746.915262 -2 6 -29
10.214681 1329948746.925820 -1 6 -29
10.214681 1329948746.937505 -1 6 -29
10.247990 1329948746.940485 -1 6 -29
10.247990 1329948746.948771 -1 6 -29
10.289133 1329948746.966719 -1 6 -28
10.289133 1329948746.989662 -1 6 -28
10.330752 1329948747.003245 -1 6 -28
10.330752 1329948747.017554 0 6 -28
10.372682 1329948747.030078 0 6 -28
10.372682 1329948747.043914 0 6 -28
10.414314 1329948747.066666 0 6 -27
10.414314 1329948747.078596 0 6 -27
10.447578 1329948747.092906 0 5 -27
10.447578 1329948747.098823 -1 5 -27
10.488931 1329948747.110319 -1 5 -27
10.488931 1329948747.115540 -1 5 -27
10.534201 1329948747.123728 -1 4 -27
10.534201 1329948747.132103 -1 4 -27
10.572540 1329948747.140706 -1 4 -27
10.572540 1329948747.149090 -1 4 -27
10.615184 1329948747.156969 0 3 -27
10.615184 1329948747.165438 0 3 -27
10.655697 1329948747.173508 0 3 -27
10.655697 1329948747.181948 0 3 -27
10.688981 1329948747.190410 -1 3 -27
10.688981 1329948747.198704 -1 3 -28
10.730522 1329948747.206869 -1 2 -28
10.730522 1329948747.215288 -2 3 -28
10.770124 1329948747.223592 -2 3 -28
10.770124 1329948747.231855 -2 3 -28
10.813505 1329948747.240446 -1 3 -28
10.813505 1329948747.248406 -1 3 -28
10.855458 1329948747.256854 -1 3 -28
10.855458 1329948747.265157 -1 3 -28
10.888774 1329948747.275277 -1 3 -28
10.888774 1329948747.282194 -1 3 -28
10.931178 1329948747.289998 -1 3 -28
10.931178 1329948747.298371 -1 2 -28
10.988830 1329948747.306680 -1 2 -28
10.988830 1329948747.315141 -1 2 -28
11.015239 1329948747.323566 -1 2 -28
11.015239 1329948747.331817 -1 2 -28
11.046715 1329948747.347194 0 2 -28
11.046715 1329948747.349350 0 2 -28
11.088755 1329948747.358025 0 2 -28
11.088755 1329948747.365131 0 3 -28
11.130046 1329948747.373605 0 3 -28
11.130046 1329948747.381704 0 3 -28
11.171409 1329948747.390001 0 2 -28
11.171409 1329948747.398221 0 2 -28
11.213349 1329948747.406759 0 2 -28
11.213349 1329948747.415246 0 2 -27
11.255442 1329948747.423397 0 2 -27
11.255442 1329948747.431790 0 2 -27
11.288392 1329948747.444122 0 2 -27
11.288392 1329948747.448380 0 2 -27
11.335153 1329948747.456829 0 2 -27
11.335153 1329948747.465322 0 2 -27
11.371423 1329948747.473379 1 2 -27
11.371423 1329948747.481794 1 1 -27
11.413188 1329948747.495446 1 1 -26
11.413188 1329948747.498140 1 1 -26
11.454816 1329948747.506788 1 1 -26
11.454816 1329948747.515060 1 1 -26
11.497405 1329948747.527706 1 1 -26
11.497405 1329948747.533090 1 1 -26
11.534964 1329948747.548113 2 1 -26
11.534964 1329948747.569613 2 1 -26
11.571310 1329948747.573605 3 1 -26
11.571310 1329948747.581959 3 1 -26
11.612600 1329948747.590222 3 1 -26
11.612600 1329948747.598671 3 0 -26
11.654753 1329948747.607003 3 0 -26
11.654753 1329948747.615168 3 0 -26
11.688128 1329948747.624393 2 0 -25
11.688128 1329948747.632265 2 0 -25
11.729600 1329948747.640283 2 0 -25
11.729600 1329948747.648940 3 0 -25
11.770945 1329948747.659062 3 0 -25
11.770945 1329948747.674665 3 0 -25
11.809149 1329948747.696643 3 0 -25
11.809149 1329948747.699435 3 0 -25
11.862861 1329948747.706886 3 0 -25
11.862861 1329948747.715136 3 0 -24
11.888712 1329948747.723667 2 0 -24
11.888712 1329948747.731895 1 0 -24
11.926847 1329948747.744546 1 0 -24
11.926847 1329948747.748470 0 0 -23
11.974913 1329948747.757100 0 0 -23
11.974913 1329948747.765048 0 1 -23
12.012389 1329948747.773452 0 1 -23
12.012389 1329948747.781762 1 2 -23
12.053907 1329948747.795025 1 3 -23
12.053907 1329948747.800442 2 4 -23
12.087748 1329948747.806871 2 5 -23
12.087748 1329948747.815174 1 7 -23
12.129140 1329948747.823469 1 8 -24
12.129140 1329948747.831656 0 10 -24
12.171345 1329948747.840119 0 12 -25
12.171345 1329948747.848493 0 14 -26
12.220872 1329948747.856827 0 17 -27
12.220872 1329948747.865017 0 19 -29
12.257112 1329948747.873247 0 20 -31
12.257112 1329948747.881484 0 22 -33
12.288879 1329948747.890750 0 24 -36
12.288879 1329948747.899468 1 26 -39
12.328717 1329948747.906682 1 28 -43
12.328717 1329948747.915050 1 29 -47
12.371260 1329948747.923672 1 31 -52
12.371260 1329948747.931625 1 32 -57
12.412012 1329948747.940204 0 33 -63
12.412012 1329948747.952246 0 34 -68
12.448070 1329948747.956715 -2 34 -74
12.448070 1329948747.964980 -4 34 -80
12.486980 1329948747.973522 -6 34 -87
12.486980 1329948747.981596 -7 33 -93
12.529132 1329948747.990557 -8 32 -98
12.529132 1329948747.998526 -9 31 -104
12.575383 1329948748.006977 -9 29 -109
12.575383 1329948748.015428 -9 27 -114
12.612203 1329948748.023623 -9 25 -119
12.612203 1329948748.032012 -8 23 -124
12.653554 1329948748.040275 -7 21 -128
12.653554 1329948748.048710 -6 19 -132
12.686739 1329948748.070600 -4 17 -136
12.686739 1329948748.073822 -3 15 -140
12.728464 1329948748.082371 -1 13 -143
12.728464 1329948748.090474 0 12 -146
12.769934 1329948748.098617 0 10 -149
12.769934 1329948748.106983 2 9 -152
12.813986 1329948748.115323 3 9 -155
12.813986 1329948748.123500 5 8 -158
12.854627 1329948748.132165 7 7 -160
12.854627 1329948748.140234 8 6 -162
12.887366 1329948748.149118 9 6 -164
12.887366 1329948748.157062 11 5 -165
12.929670 1329948748.165344 13 5 -166
12.929670 1329948748.176266 16 4 -167
12.992218 1329948748.182042 17 4 -168
12.992218 1329948748.190399 19 4 -168
13.017400 1329948748.198517 20 3 -168
13.017400 1329948748.206965 21 3 -168
13.047448 1329948748.215311 21 2 -168
13.047448 1329948748.231598 22 1 -167
13.093400 1329948748.255415 22 1 -167
13.093400 1329948748.279270 23 0 -166
13.131280 1329948748.293497 24 0 -165
13.131280 1329948748.298460 25 -1 -164
13.174621 1329948748.306550 26 -2 -163
13.174621 1329948748.315205 27 -4 -162
13.206342 1329948748.323738 27 -6 -161
13.206342 1329948748.331514 26 -8 -160
13.259119 1329948748.340359 25 -11 -159
13.259119 1329948748.348616 23 -13 -158
13.289253 1329948748.358586 21 -16 -157
13.289253 1329948748.364986 19 -19 -156
13.329577 1329948748.373650 17 -22 -155
13.329577 1329948748.381464 15 -25 -155
13.369544 1329948748.390117 13 -28 -153
13.369544 1329948748.398326 11 -32 -152
13.410308 1329948748.406554 10 -35 -150
13.410308 1329948748.415225 8 -38 -149
13.449642 1329948748.425867 6 -41 -146
13.449642 1329948748.431706 4 -44 -144
13.491397 1329948748.440288 3 -47 -141
13.491397 1329948748.448609 0 -49 -137
13.533922 1329948748.456560 -1 -52 -133
13.533922 1329948748.466113 -4 -54 -129
13.566118 1329948748.473269 -7 -56 -124
13.566118 1329948748.481617 -10 -57 -119
13.607836 1329948748.490187 -14 -59 -113
13.607836 1329948748.498239 -18 -60 -106
13.649558 1329948748.506609 -23 -60 -100
13.649558 1329948748.516755 -27 -60 -93
